RUNG 17375718361 4343929597 27 44059857341
RUNG 11592675361 2898168841 3 101
RUNG 11155781641 2788945415 19 50341975
RUNG 18380525521 4595131382 7 68
RUNG 10669784449 2667446113 3 941
RUNG 17774071561 4443517895 19 725
RUNG 14006517001 3501629252 7 292
RUNG 15642193009 3910548253 3 2447
RUNG 11876726761 2969181695 19 37955
RUNG 19932582289 4983145575 11 909
RUNG 15826041001 3956510255 19 6025
RUNG 17012488249 4253122067 19 8647
RUNG 14868348889 3717087223 3 773
RUNG 17433175321 4358293832 7 188
RUNG 11407134649 2851783665 11 10515
RUNG 10308535441 2577133863 11 286348207
RUNG 19561024729 4890256184 7 509
RUNG 17126928289 4281732074 7 1889
RUNG 15407537161 3851884291 3 2423
RUNG 10451527249 2612881817 19 13
RUNG 15954830329 3988707583 3 389
RUNG 19058746249 4764686567 19 107
RUNG 11417450521 2854362633 11 58263
RUNG 17725348369 4431337096 15 2936
RUNG 16389878569 4097469644 7 82
RUNG 14374392481 3593598124 15 251
RUNG 16463407249 4115851814 7 97
RUNG 13720948201 3430237056 23 1072
RUNG 19961454769 4990363694 7 31
RUNG 15248439361 3812109841 3 173
RUNG 15199432609 3799858153 3 677
RUNG 17964393841 4491098464 15 2126
RUNG 11687163721 2921790932 7 97
RUNG 15023867401 3755966855 19 30035
RUNG 12095604361 3023901092 7 1076
RUNG 13988579929 3497144985 11 1773
RUNG 12120125161 3030031292 7 388
RUNG 14836058449 3709014613 3 401
RUNG 19336717129 4834179285 11 117
RUNG 17980812721 4495203182 7 164
RUNG 11319700921 2829925233 11 1307259
RUNG 18066633841 4516658462 7 14087
RUNG 18323935081 4580983772 7 1396
RUNG 11348353129 2837088283 3 101
RUNG 18434240449 4608560113 3 1553
RUNG 19588041841 4897010463 11 32146677
RUNG 19592157649 4898039415 11 241
RUNG 13733550601 3433387655 19 86534415779089
RUNG 13323126961 3330781743 11 10953
RUNG 17417423521 4354355881 3 2441
RUNG 19882170169 4970542544 7 61
RUNG 16921223089 4230305773 3 701
RUNG 12430783369 3107695849 27 1844297579
RUNG 15222270001 3805567502 7 124
RUNG 17566546321 4391636582 7 38149
RUNG 10537855561 2634463891 3 977
RUNG 10764526081 2691131524 15 1016
RUNG 13429426201 3357356551 3 36293
RUNG 18704038369 4676009595 11 915
RUNG 14852765281 3713191321 3 677
RUNG 12322678729 3080669683 3 293
RUNG 10731937129 2682984283 3 6833
RUNG 11148527329 2787131833 3 1823
RUNG 14301467569 3575366893 3 1997
RUNG 13803212641 3450803162 7 523
RUNG 18855238921 4713809733 11 12231
RUNG 10284809089 2571202276 15 641
RUNG 16437506089 4109376525 11 95
RUNG 18728678641 4682169663 11 34011
RUNG 16086306721 4021576681 3 1109
RUNG 17280909361 4320227343 11 283
RUNG 13358157409 3339539353 3 37967
RUNG 18794093761 4698523442 7 97
RUNG 15265453009 3816363254 7 356
RUNG 16188461041 4047115264 15 326
RUNG 17766959401 4441739853 11 47373
RUNG 15947528689 3986882175 11 249
RUNG 16143577129 4035894286 15 41
RUNG 15537104881 3884276222 7 2404
RUNG 13305176329 3326294084 7 164
RUNG 16574486161 4143621542 7 244
RUNG 12267834121 3066958532 7 59
RUNG 12467966449 3116991619 27 8771
RUNG 10668957601 2667239402 7 628
RUNG 13205191561 3301297892 7 916
RUNG 17609889361 4402472341 3 173
RUNG 11602225441 2900556363 11 1283
RUNG 16658362249 4164590567 19 4680999791969
RUNG 13362517081 3340629273 11 591
RUNG 18547288489 4636822123 3 1181
RUNG 15661902481 3915475622 7 362
RUNG 16337828329 4084457086 15 49466
RUNG 13054234561 3263558645 19 8613725
RUNG 11494155961 2873538997 27 857
RUNG 18512647729 4628161934 7 2092
RUNG 10975503289 2743875826 15 596
RUNG 14534788249 3633697067 19 91
RUNG 10436444929 2609111233 3 32423
RUNG 10060720849 2515180214 7 38
RUNG 18157412641 4539353162 7 7948
RUNG 12257971489 3064492874 7 103
RUNG 18729221809 4682305458 23 212
RUNG 13432172329 3358043085 11 15451
RUNG 19934027689 4983506925 11 227
RUNG 18378011521 4594502882 7 1756
RUNG 15035192929 3758798233 3 6761
RUNG 18437238481 4609309622 7 4924
RUNG 16556528041 4139132012 7 13646
RUNG 10109809609 2527452406 15 4106
RUNG 11283985969 2820996494 7 94
RUNG 17183461681 4295865421 3 101
RUNG 10444743241 2611185812 7 1084
RUNG 18862040401 4715510102 7 362
RUNG 19029497041 4757374261 3 3203
RUNG 19574737009 4893684255 11 1359
RUNG 11886499249 2971624814 7 41
RUNG 10704160009 2676040012 39 4694
RUNG 12174436849 3043609221 35 213351
RUNG 16997738209 4249434553 3 1031
RUNG 14292054001 3573013501 3 1553
RUNG 18504809761 4626202444 15 21446
RUNG 18523204561 4630801142 7 124
RUNG 19001055529 4750263883 3 137
RUNG 18572246449 4643061621 35 141251
RUNG 14788443289 3697110828 23 6229
SUMMARY lo=10000000000 hi=20000000000 wheelM=2042040 lanes=2308 mmax=10000 ucert_rmax=63 ucert_umax=64 wheel_pmin=255254 classes_sha256=a77b2187201ff96ff3ecf822150f4152d841941deeb0cf616238bcbb0a648bbc positions=11302426 covered=11296063 sieved=0 mr=6363 composite=6238 rung=125 direct=0 survivors=0
