RUNG 107811544681 26952886171 3 2741
RUNG 105479542921 26369885733 11 2169
RUNG 101660952649 25415238167 19 319
RUNG 108703954129 27175988533 3 37397
RUNG 102298080361 25574520091 3 30809
RUNG 102671798161 25667949542 7 188
RUNG 107319500521 26829875133 11 153
RUNG 100488880969 25122220243 3 134291
RUNG 100388842009 25097210504 7 19
RUNG 105863554729 26465888685 11 22769
RUNG 109420803361 27355200844 15 2936
RUNG 102414566809 25603641703 3 101
RUNG 100927965961 25231991493 11 21977
RUNG 107254218289 26813554576 15 41
RUNG 106180158529 26545039634 7 59
RUNG 102778127929 25694531983 3 557
RUNG 109455602281 27363900571 3 509
RUNG 107374765969 26843691495 11 39687
RUNG 109030865329 27257716333 3 13007
RUNG 109316751889 27329187973 3 113
RUNG 102226806889 25556701724 7 59
RUNG 101381406361 25345351599 35 68841
RUNG 106361950249 26590487565 11 71667
RUNG 109578165841 27394541461 3 12239
RUNG 109968204889 27492051223 3 1109
RUNG 105428754649 26357188663 3 953
RUNG 100924020409 25231005103 3 113
RUNG 100599361801 25149840455 19 145344811775
RUNG 102776184289 25694046074 7 412
RUNG 108669518161 27167379542 7 124
RUNG 103182564241 25795641062 7 59729
RUNG 101046591361 25261647844 15 821
RUNG 104710028329 26177507083 3 149
RUNG 105816841729 26454210434 7 3748
RUNG 104489516041 26122379011 3 16421
RUNG 101810372161 25452593043 11 35151
RUNG 108745157161 27186289292 7 1214
RUNG 109651840201 27412960051 3 51419
RUNG 103066303729 25766575933 3 15461
RUNG 105222702649 26305675663 3 24029
RUNG 107662946161 26915736541 3 101
RUNG 101771661601 25442915401 3 653
RUNG 100436169121 25109042281 3 19559
RUNG 104461050961 26115262741 3 5393
RUNG 105435123481 26358780873 11 409
RUNG 100854849481 25213712371 3 89
RUNG 107183141641 26795785412 7 398
RUNG 105071673529 26267918385 11 11813
RUNG 108028557961 27007139502 47 36532
RUNG 100946773489 25236693373 3 797
RUNG 100893684049 25223421015 11 117
RUNG 105810928129 26452732035 11 981
RUNG 108506434969 27126608744 7 244
RUNG 102282308041 25570577012 7 388
RUNG 108300202201 27075050552 7 3548
RUNG 109409029921 27352257483 11 5331
RUNG 102943977049 25735994263 3 233
RUNG 107851001161 26962750293 11 2254320383193
RUNG 106838156569 26709539144 7 24454
RUNG 101102075281 25275518829 35 451
RUNG 107044437889 26761109474 7 38
RUNG 108181884721 27045471185 19 2045605849454423
RUNG 103021678321 25755419582 7 152956
RUNG 109190717689 27297679423 3 5813
RUNG 100832657689 25208164424 7 19
RUNG 102654167641 25663541912 7 101356
RUNG 106007199769 26501799943 3 43481
RUNG 105225110761 26306277692 7 47
RUNG 100983804601 25245951151 3 13487
RUNG 108345362161 27086340542 7 7796
RUNG 100722439801 25180609952 7 724
RUNG 108102377881 27025594472 7 194
RUNG 101863998721 25465999684 15 446
RUNG 107085495841 26771373961 3 293
RUNG 107218254049 26804563514 7 94
RUNG 107295852049 26823963016 15 71
RUNG 102219343801 25554835952 7 2749
RUNG 108169856089 27042464026 15 1065356
RUNG 105174208129 26293552033 3 1889
RUNG 103708062049 25927015517 19 226609
RUNG 100538834449 25134708616 15 6296
RUNG 109205256889 27301314225 11 171
RUNG 109952667049 27488166764 7 47
RUNG 108147519841 27036879962 7 458
RUNG 100487846761 25121961691 3 1433
RUNG 104819025529 26204756384 7 3428
RUNG 104917050001 26229262501 3 317
RUNG 105960537601 26490134401 3 6521
RUNG 102158265049 25539566264 7 964
RUNG 104992668169 26248167044 7 38
RUNG 108478433449 27119608364 7 1097
RUNG 100077498049 25019374515 11 19
RUNG 101319058681 25329764674 15 7930421
RUNG 103128307129 25782076783 3 569
RUNG 100845307921 25211326983 11 749289
RUNG 105217342129 26304335534 7 13058
RUNG 102542287201 25635571801 3 569
RUNG 108652075009 27163018754 7 76
RUNG 104322965569 26080741396 15 47351
RUNG 103777794121 25944448534 15 7346
RUNG 106224174169 26556043547 19 90211
RUNG 109038108169 27259527044 7 388
RUNG 102613853281 25653463324 15 401
RUNG 104020824961 26005206241 3 15263
RUNG 106975675921 26743918982 7 293
RUNG 109803909601 27450977402 7 1181
RUNG 100673958841 25168489712 7 61
RUNG 107002240801 26750560204 15 4376
RUNG 108480746089 27120186524 7 41
RUNG 108346004209 27086501054 7 81556
RUNG 103171491361 25792872842 7 2098
RUNG 104850048601 26212512154 15 326
RUNG 106963562161 26740890542 7 80918
RUNG 105956856769 26489214194 7 47
RUNG 100741505881 25185376475 19 2009
RUNG 105221825641 26305456413 11 153
RUNG 105675166249 26418791564 7 24422
RUNG 101789213761 25447303442 7 787
RUNG 101840290561 25460072641 3 5861
RUNG 108915959161 27228989791 3 3989
RUNG 102604031209 25651007803 3 94109
RUNG 101276721001 25319180252 7 103
RUNG 108019541809 27004885455 11 135735
RUNG 105103529689 26275882423 3 317
RUNG 101762772841 25440693213 11 117
RUNG 104298986521 26074746631 3 15149
RUNG 108801704449 27200426113 3 197
RUNG 108726160321 27181540082 7 2554
RUNG 101570854009 25392713505 11 505
RUNG 106884280801 26721070201 3 13577
RUNG 107603155969 26900788997 19 833924458907
RUNG 104699421121 26174855282 7 21404
RUNG 103319008321 25829752086 23 619
RUNG 104687179801 26171794952 7 11177
RUNG 100174274929 25043568734 7 68
SUMMARY lo=100000000000 hi=110000000000 wheelM=2042040 lanes=2308 mmax=10000 ucert_rmax=63 ucert_umax=64 wheel_pmin=255254 classes_sha256=a77b2187201ff96ff3ecf822150f4152d841941deeb0cf616238bcbb0a648bbc positions=11302422 covered=11299721 sieved=0 mr=2701 composite=2566 rung=135 direct=0 survivors=0
