RUNG 1009509025849 252377256465 11 340815
RUNG 1003709654809 250927413705 11 3637
RUNG 1003532006929 250883001734 7 122
RUNG 1003397242849 250849310713 3 653
RUNG 1006697180449 251674295113 3 50093
RUNG 1001475710281 250368927572 7 17573
RUNG 1002825503689 250706375923 3 149
RUNG 1009821538441 252455384612 7 1252
RUNG 1004975797081 251243949271 3 1637
RUNG 1008774009961 252193502491 3 113
RUNG 1005872295481 251468073875 19 4525
RUNG 1008735274849 252183818713 3 465833
RUNG 1005235247641 251308811913 11 153
RUNG 1009386724369 252346681095 11 20105
RUNG 1008553614721 252138403682 7 8812
RUNG 1000893946441 250223486612 7 353
RUNG 1008659856649 252164964169 27 7588148101570427
RUNG 1003072857361 250768214345 19 145
RUNG 1006650573889 251662643474 7 97
RUNG 1005396777961 251349194492 7 62
RUNG 1008457800529 252114450134 7 38
RUNG 1004949605521 251237401382 7 16028
RUNG 1007939163841 251984790965 19 7745
RUNG 1004678062369 251169515597 19 591877
RUNG 1006440403609 251610100904 7 1151
RUNG 1005813515281 251453378821 3 6329
RUNG 1007445122161 251861280542 7 41
RUNG 1002887314081 250721828526 23 14027
RUNG 1007455475569 251863868897 19 1419504765076721
RUNG 1000622811241 250155702811 3 35423
RUNG 1002922153489 250730538375 11 171
RUNG 1000778063401 250194515851 3 97613
RUNG 1006795968049 251698992014 7 32924
RUNG 1004819286409 251204821603 3 230567
RUNG 1005629989081 251407497274 15 746
RUNG 1009597680961 252399420242 7 62
RUNG 1009611975241 252402993815 19 180287852725
RUNG 1003716610009 250929152503 3 194729
RUNG 1001164062889 250291015725 11 85
RUNG 1001987041441 250496760362 7 82
RUNG 1003594164049 250898541014 7 866
RUNG 1009481376289 252370344073 3 557
RUNG 1004613158641 251153289662 7 236
RUNG 1004292560569 251073140148 23 34
RUNG 1000774153201 250193538301 3 37307
RUNG 1008578830249 252144707563 3 2339
RUNG 1000960066129 250240016533 3 3191
RUNG 1001558410609 250389602654 7 733
RUNG 1005303542161 251325885541 3 149717
RUNG 1004719534729 251179883684 7 362
RUNG 1008979294681 252244823672 7 796
RUNG 1001609606209 250402401554 7 76
RUNG 1002240642649 250560160664 7 292
RUNG 1000850041129 250212510286 15 461
RUNG 1008997791649 252249447918 23 1257
RUNG 1000843932001 250210983006 23 612
RUNG 1005618232921 251404558233 11 981
RUNG 1000462095889 250115523973 3 8513
RUNG 1007985007129 251996251783 3 23159
RUNG 1001967134401 250491783602 7 244
RUNG 1003406786281 250851696572 7 31
RUNG 1008850892449 252212723113 3 113
RUNG 1003676383609 250919095903 3 233
RUNG 1005910403521 251477600882 7 1966
RUNG 1009008252121 252252063032 7 32066
RUNG 1008863287441 252215821861 3 641
RUNG 1001748854929 250437213734 7 38
RUNG 1002488091049 250622022765 11 321
RUNG 1004033915329 251008478834 7 353
RUNG 1002702506569 250675626644 7 103
RUNG 1007936272729 251984068183 3 1481
RUNG 1006935674761 251733918692 7 118
RUNG 1009829245489 252457311374 7 103
RUNG 1009578089521 252394522381 3 149
RUNG 1001381369641 250345342414 15 302306
RUNG 1002847575409 250711893853 3 156659
RUNG 1000591121401 250147780354 15 71
RUNG 1004379124849 251094781213 3 1511
RUNG 1002290119609 250572529903 3 641
RUNG 1000215416209 250053854054 7 5956
RUNG 1006892907409 251723226855 11 126551
RUNG 1005304213369 251326053344 7 236
RUNG 1004571136969 251142784243 3 14783
RUNG 1009921289521 252480322381 3 1181
RUNG 1000487085049 250121771263 3 1949
RUNG 1001467310089 250366827525 11 17321
RUNG 1006482569401 251620642352 7 68
RUNG 1001422413601 250355603401 3 149
RUNG 1000156365289 250039091325 11 95
RUNG 1004550855961 251137713991 3 1217
RUNG 1006997241121 251749310286 23 204
RUNG 1003848416041 250962104011 3 252431
RUNG 1000313662321 250078415581 3 4337
RUNG 1001687974849 250421993715 11 88701
RUNG 1004236464001 251059116002 7 796
SUMMARY lo=1000000000000 hi=1010000000000 wheelM=2042040 lanes=2308 mmax=10000 ucert_rmax=63 ucert_umax=64 wheel_pmin=255254 classes_sha256=a77b2187201ff96ff3ecf822150f4152d841941deeb0cf616238bcbb0a648bbc positions=11302426 covered=11301302 sieved=0 mr=1124 composite=1029 rung=95 direct=0 survivors=0
