RUNG 10001940535129 2500485133787 19 19087672777
RUNG 10009577764729 2502394441184 7 241
RUNG 10000494772129 2500123693035 11 1217
RUNG 10004915794129 2501228948533 3 16097
RUNG 10001395336969 2500348834243 3 169769
RUNG 10006672015201 2501668003802 7 61
RUNG 10009093883881 2502273470972 7 68
RUNG 10001746628329 2500436657084 7 196838
RUNG 10008003445801 2502000861452 7 8116
RUNG 10006110494689 2501527623673 3 1787
RUNG 10004913894889 2501228473723 3 1103
RUNG 10009929154681 2502482288671 3 847079
RUNG 10007425622401 2501856405601 3 101
RUNG 10008816254761 2502204063693 11 15699
RUNG 10009622867689 2502405716923 3 5171
RUNG 10008822388681 2502205597172 7 12316
RUNG 10002402226441 2500600556613 11 153
RUNG 10007354181049 2501838545266 15 101
RUNG 10003255832161 2500813958041 3 209357
RUNG 10004605626409 2501151406604 7 41
RUNG 10000033563529 2500008390883 3 8039
RUNG 10005622649929 2501405662485 11 431
RUNG 10002275748481 2500568937121 3 57143
RUNG 10002982294561 2500745573642 7 17482
RUNG 10008771486169 2502192871544 7 156098
RUNG 10003909401649 2500977350414 7 3254
RUNG 10008020041681 2502005010422 7 157
RUNG 10005385825009 2501346456255 11 2683995
RUNG 10006541633929 2501635408484 7 722237
RUNG 10002457556569 2500614389143 3 149
RUNG 10003123276441 2500780819111 3 317
RUNG 10003991144449 2500997786113 3 18797
RUNG 10008716438449 2502179109613 3 42743
RUNG 10007299274569 2501824818645 11 171
RUNG 10009567986289 2502391996575 11 171
RUNG 10000732081201 2500183020304 15 9236
RUNG 10005473723281 2501368430825 19 5503010547815
RUNG 10003017158401 2500754289602 7 68
RUNG 10003621643401 2500905410851 3 1523
RUNG 10005825006769 2501456251697 19 29013751
RUNG 10008804350689 2502201087673 3 1481
RUNG 10006315116121 2501578779034 15 131
RUNG 10005729054721 2501432263681 3 701
RUNG 10009545637249 2502386409314 7 934
RUNG 10001736894241 2500434223562 7 124
RUNG 10004624343289 2501156085823 3 2753
RUNG 10006831812121 2501707953034 15 926
RUNG 10008718677169 2502179669293 3 74747
RUNG 10005253337809 2501313334455 11 117
RUNG 10007628256081 2501907064021 3 1187
RUNG 10006735909801 2501683977451 3 3491
RUNG 10001371484329 2500342871084 7 523
RUNG 10005098214721 2501274553681 3 1373
RUNG 10002780579289 2500695144824 7 1202
RUNG 10009415183161 2502353795792 7 2876
RUNG 10000979550241 2500244887565 19 4736243997504224518257605
RUNG 10004318285809 2501079571456 15 461
RUNG 10007064846529 2501766211634 7 4969
RUNG 10006331758921 2501582939731 3 641
RUNG 10003364688409 2500841172104 7 61
RUNG 10005604808929 2501401202233 3 3329
RUNG 10001724942889 2500431235723 3 233
RUNG 10003385157529 2500846289384 7 16196
RUNG 10004114178361 2501028544591 3 7229
RUNG 10002286575961 2500571643992 7 1076
RUNG 10007765372089 2501941343024 7 692
RUNG 10003328029249 2500832007320 31 835
RUNG 10009407226009 2502351806504 7 3163
RUNG 10003914200809 2500978550203 3 593
RUNG 10006577021809 2501644255453 3 7499
RUNG 10009156136641 2502289034162 7 31
RUNG 10003195430881 2500798857722 7 1532
RUNG 10006383063121 2501595765785 19 635
RUNG 10007589920689 2501897480173 3 197
RUNG 10004976109801 2501244027451 3 101
RUNG 10008510903889 2502127725973 3 137
RUNG 10005991086001 2501497771505 19 7043
RUNG 10009879134649 2502469783664 7 118
RUNG 10006644579409 2501661144855 11 57
RUNG 10004915005849 2501228751464 7 61
RUNG 10009658700889 2502414675223 3 101
RUNG 10003095585841 2500773896463 11 6529435761
RUNG 10002482978569 2500620744645 11 1569
RUNG 10002193032001 2500548258005 19 79
RUNG 10005674773441 2501418693363 11 3984895888942931723
RUNG 10007204284009 2501801071003 3 2417
RUNG 10005456302521 2501364075632 7 5507
RUNG 10006583509441 2501645877362 7 173
RUNG 10005787146601 2501446786651 3 113
RUNG 10001846037121 2500461509282 7 89
RUNG 10005446160889 2501361540223 3 2477
RUNG 10000318609009 2500079652253 3 281
RUNG 10003916728969 2500979182244 7 76
RUNG 10004917384081 2501229346022 7 105668
RUNG 10008617574001 2502154393501 3 89
RUNG 10007786473129 2501946618283 3 51473
RUNG 10005852681889 2501463170476 15 776
RUNG 10000810889161 2500202722291 3 89
RUNG 10001654259601 2500413564903 11 3637
RUNG 10002215825281 2500553956322 7 619148
RUNG 10001158053049 2500289513268 23 149
RUNG 10004919495481 2501229873871 3 8537
RUNG 10003355329969 2500838832497 19 530177832488357
RUNG 10004313068689 2501078267174 7 1882
RUNG 10008468655201 2502117163803 11 3357
RUNG 10006916705809 2501729176457 19 1498657
RUNG 10005101335681 2501275333922 7 94
RUNG 10000376066209 2500094016553 3 39563
RUNG 10007247556321 2501811889083 11 117
RUNG 10005691531609 2501422882903 3 543713
RUNG 10001891381689 2500472845423 3 45737
RUNG 10003296338281 2500824084572 7 47
RUNG 10006406365729 2501601591435 11 89195
RUNG 10001178752569 2500294688146 15 306146
RUNG 10006144993849 2501536248463 3 7451
RUNG 10009408194769 2502352048695 11 57
RUNG 10009312233001 2502328058251 3 2789
RUNG 10007629610521 2501907402633 11 183
RUNG 10003825300561 2500956325143 11 365889
SUMMARY lo=10000000000000 hi=10010000000000 wheelM=2042040 lanes=2308 mmax=10000 ucert_rmax=63 ucert_umax=64 wheel_pmin=255254 classes_sha256=a77b2187201ff96ff3ecf822150f4152d841941deeb0cf616238bcbb0a648bbc positions=11302422 covered=11301670 sieved=0 mr=752 composite=633 rung=119 direct=0 survivors=0
