RUNG 100007150817841 25001787704461 3 1607621
RUNG 100000867468681 25000216867176 23 357297
RUNG 100004532934849 25001133233718 23 9657
RUNG 100007148810529 25001787202634 7 3548
RUNG 100008745717609 25002186429403 3 89
RUNG 100004484003769 25001121000943 3 107243
RUNG 100007122321129 25001780580283 3 101
RUNG 100004128707841 25001032176962 7 68
RUNG 100001949854689 25000487463673 3 777989
RUNG 100006499524801 25001624881204 15 9356
RUNG 100008735565729 25002183891434 7 31
RUNG 100004853652729 25001213413184 7 31
RUNG 100009137861649 25002284465414 7 76
RUNG 100007792158849 25001948039714 7 124
RUNG 100009603512289 25002400878073 3 6863
RUNG 100005838009009 25001459502257 19 14743
RUNG 100009283005129 25002320751283 3 2129
RUNG 100003342720009 25000835680003 3 1188359
RUNG 100009125801601 25002281450403 11 1377
RUNG 100006364979889 25001591244973 3 28031
RUNG 100009489337209 25002372334305 11 4155
RUNG 100007232883321 25001808220831 3 66959
RUNG 100004972364049 25001243091014 7 94
RUNG 100007108379721 25001777094931 3 6899
RUNG 100002164634961 25000541158742 7 71881
RUNG 100007392268809 25001848067203 3 307283
RUNG 100002538393081 25000634598271 3 113
RUNG 100005764822209 25001441205553 3 641
RUNG 100003755462601 25000938865651 3 1301
RUNG 100003710540889 25000927635224 7 68
RUNG 100007925313321 25001981328332 7 3314
RUNG 100003085682889 25000771420723 3 32717
RUNG 100008472589041 25002118147266 23 519523
RUNG 100006661315089 25001665328774 7 697553
RUNG 100001938080529 25000484520137 19 6462161939475059534143
RUNG 100001656287289 25000414071824 7 7012
RUNG 100002072867841 25000518216962 7 346
RUNG 100005231924049 25001307981017 19 94304933704378207
RUNG 100008656438161 25002164109542 7 26018
RUNG 100007451636481 25001862909121 3 51347
RUNG 100009444707481 25002361176872 7 17218
RUNG 100003677996121 25000919499033 11 1077
RUNG 100007870325841 25001967581461 3 293
RUNG 100003424811889 25000856202974 7 31
RUNG 100007976534481 25001994133622 7 2371
RUNG 100007231208481 25001807802126 23 110627468151
RUNG 100007451763129 25001862940783 3 16829
RUNG 100007276179969 25001819044994 7 31
RUNG 100009201897609 25002300474403 3 49823
RUNG 100005513994681 25001378498672 7 47
RUNG 100006643267281 25001660816821 3 449
RUNG 100004586934729 25001146733686 15 1351413336956
RUNG 100001834296081 25000458574023 11 237
RUNG 100005618204361 25001404551095 19 3815
RUNG 100003798754521 25000949688633 11 2727
RUNG 100003835517601 25000958879403 11 117
RUNG 100000764303001 25000191075752 7 97
RUNG 100006463662561 25001615915646 23 50403
RUNG 100005246653041 25001311663262 7 188
RUNG 100000935907321 25000233976833 11 11439
RUNG 100008646685809 25002161671454 7 19
RUNG 100004256357121 25001064089281 3 15137
RUNG 100005165101689 25001291275424 7 68
RUNG 100009347205681 25002336801423 11 6949
RUNG 100003202729329 25000800682335 11 153
RUNG 100002406334041 25000601583512 7 3442
RUNG 100009251257689 25002312814426 15 2111
RUNG 100003460036089 25000865009023 3 89
RUNG 100003325273569 25000831318393 3 159023
RUNG 100008853089961 25002213272492 7 661
RUNG 100001130117121 25000282529281 3 149
RUNG 100006069825561 25001517456393 11 857
RUNG 100006214811889 25001553702973 3 101
RUNG 100006439443849 25001609860965 11 579
RUNG 100007736145249 25001934036314 7 92567
RUNG 100000437897361 25000109474341 3 1229
RUNG 100008011845681 25002002961421 3 89
RUNG 100001207779489 25000301944873 3 1103
RUNG 100000066296001 25000016574003 11 1379769
RUNG 100000078577401 25000019644352 7 62
RUNG 100008512225449 25002128056363 3 389
RUNG 100001657100409 25000414275104 7 509
RUNG 100001115966049 25000278991513 3 18311
RUNG 100005347085001 25001336771252 7 257
RUNG 100006504921801 25001626230453 11 8109
RUNG 100006482500401 25001620625101 3 227267
RUNG 100007728163281 25001932040821 3 193379
RUNG 100003401086521 25000850271633 11 549
RUNG 100007609748601 25001902437153 11 981
RUNG 100005353308249 25001338327064 7 31
RUNG 100003356203689 25000839050923 3 5039
RUNG 100007144207161 25001786051792 7 335663
RUNG 100000248262489 25000062065624 7 19
RUNG 100003299094609 25000824773654 7 173
RUNG 100001297905609 25000324476404 7 62
RUNG 100006184507329 25001546126833 3 7517
RUNG 100003819826089 25000954956526 15 2711
RUNG 100002474122329 25000618530584 7 524
RUNG 100008093816409 25002023454103 3 3833
RUNG 100009366049881 25002341512472 7 429931
RUNG 100004430450961 25001107612742 7 3764
RUNG 100007564983561 25001891245894 15 386
RUNG 100009711179361 25002427794843 11 13147
RUNG 100000646581609 25000161645407 19 1923089357339
RUNG 100001608394689 25000402098673 3 21683
RUNG 100003217537521 25000804384381 3 9791
RUNG 100000699715401 25000174928852 7 24562
RUNG 100002106687921 25000526671982 7 31
RUNG 100008375788689 25002093947174 7 10118
RUNG 100000375089169 25000093772296 15 1361
RUNG 100003358556721 25000839639182 7 5036
RUNG 100005864161641 25001466040411 3 3617
RUNG 100009284595081 25002321148771 3 149
RUNG 100001310433249 25000327608314 7 5318
RUNG 100003140106489 25000785026623 3 1721
RUNG 100008814946401 25002203736603 11 153
RUNG 100002913472641 25000728368163 11 9829
RUNG 100008892576321 25002223144081 3 906431
RUNG 100006174627969 25001543656994 7 607
RUNG 100002282517729 25000570629436 15 10916
RUNG 100005917382529 25001479345633 3 654161
RUNG 100005680523961 25001420130991 3 2141
SUMMARY lo=100000000000000 hi=100010000000000 wheelM=2042040 lanes=2308 mmax=10000 ucert_rmax=63 ucert_umax=64 wheel_pmin=255254 classes_sha256=a77b2187201ff96ff3ecf822150f4152d841941deeb0cf616238bcbb0a648bbc positions=11302419 covered=11301807 sieved=0 mr=612 composite=490 rung=122 direct=0 survivors=0
