RUNG 1000008131290081 250002032822525 19 327625
RUNG 1000001161814041 250000290453513 11 747
RUNG 1000000261307161 250000065326791 3 197
RUNG 1000006242460801 250001560615202 7 482
RUNG 1000006136278249 250001534069565 11 9105
RUNG 1000009850765689 250002462691423 3 2663
RUNG 1000008629628241 250002157407063 11 153
RUNG 1000001447780449 250000361945113 3 59951
RUNG 1000003459218121 250000864804531 3 47123
RUNG 1000006603963249 250001650990813 3 5477
RUNG 1000001357986849 250000339496715 11 14277
RUNG 1000007710775089 250001927693775 11 915
RUNG 1000001631681529 250000407920383 3 3803
RUNG 1000001550000049 250000387500015 11 414255
RUNG 1000004625312289 250001156328073 3 219587
RUNG 1000005544230289 250001386057573 3 577271
RUNG 1000001090552689 250000272638176 15 206
RUNG 1000001658244801 250000414561201 3 257
RUNG 1000004018844601 250001004711151 3 2087
RUNG 1000008499080889 250002124770224 7 73
RUNG 1000001905339369 250000476334846 15 3611
RUNG 1000008098850601 250002024712651 3 557
RUNG 1000009665226441 250002416306611 3 401
RUNG 1000005203372569 250001300843144 7 1973
RUNG 1000005462715921 250001365678983 11 153
RUNG 1000000137084001 250000034271005 19 322586933
RUNG 1000006549113289 250001637278324 7 795763
RUNG 1000007416985329 250001854246333 3 262109
RUNG 1000005332063329 250001333015833 3 43151
RUNG 1000008648336889 250002162084226 15 566
RUNG 1000003759701241 250000939925314 15 23914381091
RUNG 1000002179163961 250000544790993 11 2486355357
RUNG 1000009358978809 250002339744703 3 7193
RUNG 1000002599827009 250000649956753 3 257
RUNG 1000006432751881 250001608187971 3 8243
RUNG 1000007073976849 250001768494215 11 95
RUNG 1000007655958249 250001913989563 3 97073
RUNG 1000009389696409 250002347424104 7 68
RUNG 1000002992029441 250000748007361 3 389
RUNG 1000007956260889 250001989065223 3 40559
RUNG 1000006492125601 250001623031401 3 197
RUNG 1000001656616881 250000414154221 3 133187
RUNG 1000003894697161 250000973674292 7 101
RUNG 1000009338794281 250002334698574 15 36986
RUNG 1000001971135561 250000492783891 3 43067
RUNG 1000006326844009 250001581711005 11 85
RUNG 1000005463084681 250001365771171 3 10181
RUNG 1000008503720521 250002125930131 3 95231
RUNG 1000007809445761 250001952361441 3 269
RUNG 1000005461162569 250001365290643 3 3851
RUNG 1000002371572801 250000592893202 7 398
RUNG 1000009661679001 250002415419751 3 113
RUNG 1000001023869241 250000255967314 15 10526
RUNG 1000001797805761 250000449451441 3 15737
RUNG 1000003727533561 250000931883393 11 369
RUNG 1000006079988841 250001519997213 11 176929596601
RUNG 1000002163374481 250000540843622 7 4786
RUNG 1000009149194449 250002287298613 3 257
RUNG 1000004176852321 250001044213083 11 50969
RUNG 1000002220629721 250000555157433 11 1119
RUNG 1000005093799441 250001273449862 7 1013627
RUNG 1000001622347641 250000405586915 19 399211
RUNG 1000005175555369 250001293888843 3 66047
RUNG 1000001587696609 250000396924156 15 206
RUNG 1000003592984881 250000898246221 3 173
RUNG 1000008877840729 250002219460184 7 19
RUNG 1000007280988489 250001820247124 7 9803
RUNG 1000003972896601 250000993224153 11 1693
RUNG 1000002020709409 250000505177358 23 454
RUNG 1000009314883489 250002328720873 3 4900001
RUNG 1000006790923009 250001697730754 7 348158
RUNG 1000009300602841 250002325150711 3 4862411
RUNG 1000002065690401 250000516422602 7 122
RUNG 1000007156517961 250001789129491 3 3677
RUNG 1000000691430841 250000172857712 7 493604
RUNG 1000008369517609 250002092379414 47 21894
RUNG 1000001869716529 250000467429134 7 607
RUNG 1000004693857849 250001173464465 11 1451
RUNG 1000007064701761 250001766175443 11 105129
RUNG 1000007091283729 250001772820933 3 1613
RUNG 1000006746241801 250001686560451 3 317
RUNG 1000005280126441 250001320031611 3 197
RUNG 1000000597729849 250000149432463 3 8597
RUNG 1000004628722089 250001157180524 7 262
RUNG 1000000501788289 250000125447074 7 2216716
RUNG 1000009680766009 250002420191504 7 6338
RUNG 1000002445838449 250000611459614 7 190802
RUNG 1000006534002529 250001633500633 3 2039
RUNG 1000004975938081 250001243984522 7 47
RUNG 1000009323458401 250002330864605 19 27177667
RUNG 1000000622342569 250000155585644 7 124
RUNG 1000007389677409 250001847419354 7 607
RUNG 1000006419738481 250001604934621 3 23021
RUNG 1000007955361321 250001988840332 7 31
RUNG 1000000111895929 250000027973988 23 79895212
RUNG 1000004343006601 250001085751653 11 1737
RUNG 1000007144721841 250001786180463 11 633
RUNG 1000004916874681 250001229218672 7 59
RUNG 1000008547632481 250002136908123 11 153
RUNG 1000007048806921 250001762201733 11 151
RUNG 1000004800531489 250001200132873 3 469379
RUNG 1000008831549841 250002207887463 11 109929
RUNG 1000001992762369 250000498190594 7 1021
RUNG 1000002217491601 250000554372901 3 3533
RUNG 1000004002234561 250001000558645 19 4874671320085
RUNG 1000001167885729 250000291971433 3 2087
SUMMARY lo=1000000000000000 hi=1000010000000000 wheelM=2042040 lanes=2308 mmax=10000 ucert_rmax=63 ucert_umax=64 wheel_pmin=255254 classes_sha256=a77b2187201ff96ff3ecf822150f4152d841941deeb0cf616238bcbb0a648bbc positions=11302427 covered=11301896 sieved=0 mr=531 composite=425 rung=106 direct=0 survivors=0
