RUNG 10000006514941921 2500001628735483 11 211
RUNG 10000002310392481 2500000577598123 11 15993
RUNG 10000000962708409 2500000240677103 3 3761
RUNG 10000005783973921 2500001445993482 7 32507
RUNG 10000004740504249 2500001185126063 3 113
RUNG 10000005220403641 2500001305100912 7 62
RUNG 10000009857907801 2500002464476952 7 59
RUNG 10000008830765641 2500002207691413 11 222477
RUNG 10000004315820289 2500001078955074 7 361961
RUNG 10000006317046321 2500001579261581 3 620693
RUNG 10000006774501129 2500001693625283 3 89
RUNG 10000001297750689 2500000324437674 7 124
RUNG 10000001857288801 2500000464322203 11 47169820081551
RUNG 10000009163708281 2500002290927071 3 101
RUNG 10000001101735969 2500000275433993 3 2746511
RUNG 10000004244435529 2500001061108884 7 20278
RUNG 10000000783204441 2500000195801112 7 1028
RUNG 10000005157261849 2500001289315464 7 62
RUNG 10000006633682521 2500001658420631 3 101
RUNG 10000004648830849 2500001162207713 3 5501
RUNG 10000007975337769 2500001993834443 3 401
RUNG 10000007377060009 2500001844265003 3 353
RUNG 10000005232952641 2500001308238162 7 647
RUNG 10000006917646321 2500001729411581 3 113
RUNG 10000002429255721 2500000607313934 15 101
RUNG 10000008063274321 2500002015818581 3 12251
RUNG 10000009176193969 2500002294048493 3 67157
RUNG 10000009721451481 2500002430362872 7 388
RUNG 10000005678221329 2500001419555334 7 112348
RUNG 10000005900823129 2500001475205783 3 30161
RUNG 10000000669227409 2500000167306853 3 5651
RUNG 10000000681479649 2500000170369913 3 121637
RUNG 10000008953822449 2500002238455616 15 41
RUNG 10000005629384761 2500001407346192 7 178
RUNG 10000000446692881 2500000111673221 3 1553
RUNG 10000009106999521 2500002276749882 7 908
RUNG 10000005008637121 2500001252159281 3 2591
RUNG 10000009296935641 2500002324233913 11 684167302732014191
RUNG 10000009243848649 2500002310962163 3 9551
RUNG 10000006679047009 2500001669761754 7 41
RUNG 10000005966390001 2500001491597502 7 692
RUNG 10000009354143169 2500002338535793 3 5153
RUNG 10000001369793241 2500000342448313 11 4099
RUNG 10000008637413841 2500002159353461 3 233
RUNG 10000003199471401 2500000799867851 3 2099
RUNG 10000000491749041 2500000122937261 3 1433
RUNG 10000004586042241 2500001146510564 15 5171
RUNG 10000009827961729 2500002456990434 7 622
RUNG 10000007810434849 2500001952608713 3 809
RUNG 10000000569373081 2500000142343275 19 13
RUNG 10000004245062001 2500001061265501 3 24113
RUNG 10000004726989369 2500001181747343 3 46524953
RUNG 10000002603270409 2500000650817605 11 117
RUNG 10000002092803969 2500000523200994 7 124
RUNG 10000001925371929 2500000481342983 3 9791
RUNG 10000006140154969 2500001535038743 3 68927
RUNG 10000008490543369 2500002122635846 15 1701116
RUNG 10000006556740489 2500001639185124 7 181
RUNG 10000001184138001 2500000296034502 7 68
RUNG 10000003281322441 2500000820330611 3 353
RUNG 10000006281122449 2500001570280613 3 2099
RUNG 10000001047381801 2500000261845452 7 82
RUNG 10000002317568481 2500000579392121 3 9629
RUNG 10000000812629689 2500000203157423 3 1187
RUNG 10000008937912681 2500002234478171 3 101
RUNG 10000004129026081 2500001032256521 3 149
RUNG 10000008731801089 2500002182950273 3 23687
RUNG 10000009873304929 2500002468326233 3 1193
RUNG 10000003594040329 2500000898510083 3 72719
RUNG 10000002648667201 2500000662166801 3 26321
RUNG 10000003277641441 2500000819410362 7 38876
RUNG 10000003600303369 2500000900075843 3 5153
RUNG 10000009593693529 2500002398423384 7 59
RUNG 10000003559480089 2500000889870024 7 17448646
RUNG 10000004582549881 2500001145637471 3 10445621
RUNG 10000002520152121 2500000630038031 3 5153
RUNG 10000004605093801 2500001151273453 11 11268419
RUNG 10000005501562561 2500001375390642 7 118
RUNG 10000000847791249 2500000211947813 3 336221
RUNG 10000001352190249 2500000338047564 7 791852
RUNG 10000003277836009 2500000819459004 7 31
RUNG 10000009783778281 2500002445944572 7 47
RUNG 10000006849367089 2500001712341773 3 293
RUNG 10000001603372881 2500000400843222 7 958
RUNG 10000000937698489 2500000234424626 15 146
RUNG 10000006953598561 2500001738399642 7 1249
RUNG 10000009593960409 2500002398490104 7 2302
RUNG 10000002144601681 2500000536150423 11 68584401
RUNG 10000002608155561 2500000652038892 7 262337
RUNG 10000009275453409 2500002318863353 3 42683
RUNG 10000002034381129 2500000508595284 7 2252
RUNG 10000004578814881 2500001144703721 3 89
RUNG 10000003602751969 2500000900687993 3 23537
RUNG 10000008993764689 2500002248441174 7 458
RUNG 10000002191746921 2500000547936732 7 262
RUNG 10000007019148969 2500001754787243 3 10301
RUNG 10000009304198761 2500002326049692 7 250262
RUNG 10000000974727201 2500000243681804 15 761
RUNG 10000005712261681 2500001428065423 11 293071950459
RUNG 10000005363081889 2500001340770473 3 5519
RUNG 10000006277950441 2500001569487611 3 44501
RUNG 10000001348502169 2500000337125545 11 139
RUNG 10000006455662161 2500001613915544 15 446
RUNG 10000008050506321 2500002012626584 15 1766
RUNG 10000001930526001 2500000482631501 3 590753
RUNG 10000001422075009 2500000355518757 19 67
RUNG 10000000940163529 2500000235040884 7 47
RUNG 10000001867249689 2500000466812423 3 2543
SUMMARY lo=10000000000000000 hi=10000010000000000 wheelM=2042040 lanes=2308 mmax=10000 ucert_rmax=63 ucert_umax=64 wheel_pmin=255254 classes_sha256=a77b2187201ff96ff3ecf822150f4152d841941deeb0cf616238bcbb0a648bbc positions=11302421 covered=11301820 sieved=0 mr=601 composite=493 rung=108 direct=0 survivors=0
