RUNG 100000008100915441 25000002025228863 11 3761
RUNG 100000004819362561 25000001204840644 15 2276
RUNG 100000008652300969 25000002163075244 7 76
RUNG 100000004127186409 25000001031796603 3 3833
RUNG 100000000320831601 25000000080207901 3 2081
RUNG 100000008905575249 25000002226393813 3 167771
RUNG 100000005176832121 25000001294208032 7 31
RUNG 100000000167710449 25000000041927614 7 349
RUNG 100000004752093609 25000001188023403 3 325901
RUNG 100000004523399289 25000001130849823 3 138587
RUNG 100000004094574081 25000001023643525 19 145387
RUNG 100000009113908929 25000002278477235 11 171
RUNG 100000006863588001 25000001715897002 7 41
RUNG 100000009305869689 25000002326467426 15 431330516
RUNG 100000006542995329 25000001635748835 11 11943
RUNG 100000001503254241 25000000375813561 3 211229
RUNG 100000006338845089 25000001584711275 11 447
RUNG 100000002150645529 25000000537661383 3 30449
RUNG 100000009138535521 25000002284633882 7 68
RUNG 100000003243187401 25000000810796851 3 1217
RUNG 100000004672626969 25000001168156743 3 149
RUNG 100000001172582289 25000000293145574 7 147957718
RUNG 100000006104134161 25000001526033545 19 77308187
RUNG 100000000082167441 25000000020541861 3 22409
RUNG 100000008528060481 25000002132015125 19 307
RUNG 100000007666406409 25000001916601603 3 2111
RUNG 100000003508816161 25000000877204044 15 3881
RUNG 100000006816951921 25000001704237982 7 31771
RUNG 100000004725924081 25000001181481021 3 72431
RUNG 100000003412897449 25000000853224364 7 19
RUNG 100000009287923809 25000002321980954 7 131
RUNG 100000000445906521 25000000111476638 31 11111
RUNG 100000006586356969 25000001646589245 11 3065
RUNG 100000006868161009 25000001717040255 11 12795
RUNG 100000007486909401 25000001871727351 3 1229
RUNG 100000007472619081 25000001868154771 3 8819
RUNG 100000007766699049 25000001941674766 15 146
RUNG 100000002737199889 25000000684299974 7 17198
RUNG 100000000227535489 25000000056883875 11 3014073
RUNG 100000005371434249 25000001342858564 7 31
RUNG 100000006251554161 25000001562888542 7 128012
RUNG 100000007597294809 25000001899323704 7 38
RUNG 100000008714294649 25000002178573663 3 1571
RUNG 100000007105194681 25000001776298671 3 880553
RUNG 100000002700536481 25000000675134123 11 183
RUNG 100000009365816169 25000002341454043 3 1839947
RUNG 100000003974839929 25000000993709983 3 113
RUNG 100000007777160241 25000001944290064 15 146
RUNG 100000009819218601 25000002454804652 7 11212
RUNG 100000005343082329 25000001335770583 3 25097
RUNG 100000005410485681 25000001352621422 7 164
RUNG 100000003227552289 25000000806888074 7 68
RUNG 100000009029018001 25000002257254501 3 1656899
RUNG 100000001048749201 25000000262187301 3 14507543
RUNG 100000003860658801 25000000965164701 3 2837
RUNG 100000009147527889 25000002286881974 7 467
RUNG 100000005718955281 25000001429738825 19 44235775
RUNG 100000000848693961 25000000212173491 3 2381
RUNG 100000002153567961 25000000538391991 3 1493
RUNG 100000009543739449 25000002385934863 3 4322387
RUNG 100000005353478409 25000001338369604 7 38
RUNG 100000001886115081 25000000471528773 11 347
RUNG 100000003834221241 25000000958555312 7 244
RUNG 100000006842168889 25000001710542224 7 65581
RUNG 100000009308953209 25000002327238305 11 13917
RUNG 100000008269572321 25000002067393082 7 7817
RUNG 100000009662262921 25000002415565733 11 22263
RUNG 100000002319103329 25000000579775833 3 19919
RUNG 100000000234197001 25000000058549253 11 104602510705227
RUNG 100000005666039649 25000001416509914 7 62
RUNG 100000004089605481 25000001022401371 3 761
RUNG 100000000185280441 25000000046320111 3 5282657
RUNG 100000009915611961 25000002478902995 19 145
RUNG 100000004984093041 25000001246023261 3 1889
RUNG 100000006779064681 25000001694766172 7 188
RUNG 100000001847560161 25000000461890043 11 177304967814823
RUNG 100000009588956481 25000002397239123 11 168828711
RUNG 100000001104283809 25000000276070955 11 9105
RUNG 100000007434609489 25000001858652373 3 13839473
RUNG 100000005361956001 25000001340489001 3 713831
RUNG 100000000779626809 25000000194906705 11 204717
RUNG 100000007510194201 25000001877548551 3 1288169
RUNG 100000005147607321 25000001286901831 3 25037
RUNG 100000002298978681 25000000574744675 19 33625
RUNG 100000008737567929 25000002184391984 7 18364
RUNG 100000003436469889 25000000859117473 3 16223
RUNG 100000000195769041 25000000048942262 7 94
RUNG 100000004075650849 25000001018912713 3 281
RUNG 100000009791334129 25000002447833533 3 113
RUNG 100000001880477001 25000000470119253 11 806451628068363
RUNG 100000000720632769 25000000180158194 7 292
RUNG 100000003079191609 25000000769797904 7 26438
RUNG 100000001937718801 25000000484429702 7 770972
RUNG 100000004792493961 25000001198123497 27 71850611
RUNG 100000004394316321 25000001098579082 7 157799
RUNG 100000006728376561 25000001682094142 7 41
RUNG 100000001637601321 25000000409400333 11 7790873151
RUNG 100000007923023289 25000001980755824 7 428284
RUNG 100000008817467529 25000002204366885 11 1383
RUNG 100000007890400641 25000001972600164 15 194849726
RUNG 100000000739199289 25000000184799823 3 4271
RUNG 100000003034513521 25000000758628383 11 321
RUNG 100000001592834121 25000000398208531 3 461
RUNG 100000006548874441 25000001637218614 15 28286
RUNG 100000006520290321 25000001630072581 3 52973
RUNG 100000007324854849 25000001831213713 3 102516563
RUNG 100000004994890641 25000001248722662 7 31
RUNG 100000004453776249 25000001113444064 7 24314
RUNG 100000000128770569 25000000032192644 7 48502
SUMMARY lo=100000000000000000 hi=100000010000000000 wheelM=2042040 lanes=2308 mmax=10000 ucert_rmax=63 ucert_umax=64 wheel_pmin=255254 classes_sha256=a77b2187201ff96ff3ecf822150f4152d841941deeb0cf616238bcbb0a648bbc positions=11302413 covered=11301810 sieved=0 mr=603 composite=494 rung=109 direct=0 survivors=0
