RUNG 1000000006207231969 250000001551807994 7 398
RUNG 1000000004081507881 250000001020376974 15 446
RUNG 1000000000642714801 250000000160678702 7 62
RUNG 1000000009852323769 250000002463080947 19 10098187
RUNG 1000000001996665849 250000000499166464 7 388
RUNG 1000000008026817121 250000002006704281 3 40583189
RUNG 1000000004048940049 250000001012235014 7 236
RUNG 1000000004420653009 250000001105163254 7 73
RUNG 1000000001894662441 250000000473665612 7 121826
RUNG 1000000003160734801 250000000790183702 7 544052
RUNG 1000000007851327729 250000001962831935 11 6651
RUNG 1000000009574830489 250000002393707624 7 236
RUNG 1000000001084044801 250000000271011204 15 172001
RUNG 1000000006207535089 250000001551883774 7 26318
RUNG 1000000007884059121 250000001971014782 7 97
RUNG 1000000000185598129 250000000046399534 7 38
RUNG 1000000000683906121 250000000170976531 3 449
RUNG 1000000000569560929 250000000142390233 3 960647
RUNG 1000000001310881041 250000000327720261 3 257
RUNG 1000000006981630561 250000001745407644 15 110456
RUNG 1000000004041120681 250000001010280171 3 137
RUNG 1000000005480763849 250000001370190964 7 118
RUNG 1000000009607760001 250000002401940002 7 2042
RUNG 1000000002583145041 250000000645786262 7 188
RUNG 1000000006414045849 250000001603511464 7 97
RUNG 1000000006230263809 250000001557565955 11 28465
RUNG 1000000005991371841 250000001497842961 3 155069
RUNG 1000000002854857489 250000000713714373 3 12120683
RUNG 1000000004968370569 250000001242092645 11 417
RUNG 1000000001684772169 250000000421193049 27 174887
RUNG 1000000005466633609 250000001366658405 11 285
RUNG 1000000000418745769 250000000104686444 7 41
RUNG 1000000008154012849 250000002038503218 23 4734
RUNG 1000000000467781681 250000000116945422 7 661
RUNG 1000000009773361081 250000002443340271 3 1031
RUNG 1000000008021319321 250000002005329832 7 1084
RUNG 1000000004778573241 250000001194643315 19 42325
RUNG 1000000009791821809 250000002447955454 7 19
RUNG 1000000009834705489 250000002458676373 3 953
RUNG 1000000000388233441 250000000097058361 3 113
RUNG 1000000003965890929 250000000991472733 3 1127507
RUNG 1000000000692557929 250000000173139483 3 3005267
RUNG 1000000002808123321 250000000702030831 3 16547
RUNG 1000000001341946089 250000000335486524 7 62
RUNG 1000000002054628969 250000000513657243 3 3807533
RUNG 1000000004490786289 250000001122696574 7 1354
RUNG 1000000009236505489 250000002309126374 7 398
RUNG 1000000001999543689 250000000499885924 7 2984194
RUNG 1000000005748744009 250000001437186006 15 530006
RUNG 1000000007725438729 250000001931359684 7 188
RUNG 1000000007772424129 250000001943106036 15 131
RUNG 1000000001956695601 250000000489173905 19 914731
RUNG 1000000009073291209 250000002268322803 3 1013
RUNG 1000000007635701361 250000001908925341 3 9696017
RUNG 1000000006304297881 250000001576074473 11 303
RUNG 1000000005354761161 250000001338690292 7 55516
RUNG 1000000003663981321 250000000915995331 3 40709
RUNG 1000000000911320161 250000000227830043 11 776547
RUNG 1000000006931283121 250000001732820781 3 233
RUNG 1000000009547181889 250000002386795474 7 92524
RUNG 1000000006857839761 250000001714459942 7 28382378
RUNG 1000000000670471761 250000000167617941 3 1184741
RUNG 1000000008146382601 250000002036595652 7 124
RUNG 1000000008638521801 250000002159630452 7 56827202
RUNG 1000000005032323681 250000001258080921 3 2339
RUNG 1000000008906101449 250000002226525366 15 7168331
RUNG 1000000004548423321 250000001137105831 3 773
RUNG 1000000001221958881 250000000305489722 7 3209
RUNG 1000000001628430321 250000000407107583 11 23734523
RUNG 1000000002588210121 250000000647052532 7 33647
RUNG 1000000007029655041 250000001757413764 15 37256
RUNG 1000000002130824601 250000000532706151 3 9521
RUNG 1000000007464654249 250000001866163564 7 17146
RUNG 1000000002241150681 250000000560287672 7 79777
RUNG 1000000002708778681 250000000677194672 7 14026
RUNG 1000000007417734801 250000001854433701 3 4073
RUNG 1000000007530056121 250000001882514032 7 68
RUNG 1000000001887910521 250000000471977635 19 550000001038350797
RUNG 1000000000043953561 250000000010988391 3 11483
RUNG 1000000009586415049 250000002396603763 3 233
RUNG 1000000003284688561 250000000821172142 7 124
RUNG 1000000001261045929 250000000315261484 7 4576477
RUNG 1000000000899622969 250000000224905746 15 18716
RUNG 1000000002557770561 250000000639442641 3 5031353
RUNG 1000000007628161929 250000001907040484 7 68638
RUNG 1000000000446317641 250000000111579413 11 42692493
RUNG 1000000000511677201 250000000127919303 11 303
RUNG 1000000007078917441 250000001769729362 7 62
RUNG 1000000007070778561 250000001767694641 3 156165287
RUNG 1000000009016848009 250000002254212005 11 41797285
RUNG 1000000005055322881 250000001263830721 3 89
RUNG 1000000006621567681 250000001655391921 3 4889
RUNG 1000000003932219889 250000000983054976 15 4001
RUNG 1000000006421502529 250000001605375637 19 1199
RUNG 1000000003311494641 250000000827873662 7 47
RUNG 1000000001757545881 250000000439386473 11 9533
SUMMARY lo=1000000000000000000 hi=1000000010000000000 wheelM=2042040 lanes=2308 mmax=10000 ucert_rmax=63 ucert_umax=64 wheel_pmin=255254 classes_sha256=a77b2187201ff96ff3ecf822150f4152d841941deeb0cf616238bcbb0a648bbc positions=11302419 covered=11301840 sieved=0 mr=579 composite=483 rung=96 direct=0 survivors=0
