RUNG 10000000000665434761 2500000000166358691 3 153443573
RUNG 10000000002527778721 2500000000631944682 7 2483942
RUNG 10000000006254546289 2500000001563636573 3 192053
RUNG 10000000001637540049 2500000000409385014 7 101408354
RUNG 10000000003275263881 2500000000818815975 19 1325
RUNG 10000000001376204121 2500000000344051031 3 2837
RUNG 10000000005517475209 2500000001379368806 15 10436
RUNG 10000000008437594401 2500000002109398602 7 4009444
RUNG 10000000001098556089 2500000000274639023 3 64067
RUNG 10000000003967639689 2500000000991909923 3 269
RUNG 10000000003530657649 2500000000882664413 3 65309
RUNG 10000000007720963881 2500000001930240971 3 89
RUNG 10000000001588730961 2500000000397182743 11 9080649
RUNG 10000000007649510049 2500000001912377514 7 356
RUNG 10000000000308383521 2500000000077095882 7 61703
RUNG 10000000002342255361 2500000000585563843 11 3039093
RUNG 10000000004372089009 2500000001093022253 3 102191
RUNG 10000000005429932401 2500000001357483102 7 33941
RUNG 10000000006322312281 2500000001580578072 7 908
RUNG 10000000004823468649 2500000001205867163 3 257
RUNG 10000000001031423769 2500000000257855944 7 89
RUNG 10000000000241172601 2500000000060293151 3 653
RUNG 10000000002669158329 2500000000667289583 3 641
RUNG 10000000000114645921 2500000000028661484 15 3176
RUNG 10000000004837902921 2500000001209475731 3 1049
RUNG 10000000006389874321 2500000001597468581 3 545939
RUNG 10000000001856564361 2500000000464141091 3 137
RUNG 10000000005564917401 2500000001391229352 7 570419
RUNG 10000000007668244809 2500000001917061205 11 44819353
RUNG 10000000003453485481 2500000000863371371 3 593
RUNG 10000000005246418729 2500000001311604683 3 45197
RUNG 10000000002816403969 2500000000704100993 3 6959
RUNG 10000000003253442961 2500000000813360741 3 22485647
RUNG 10000000001495261521 2500000000373815381 3 36677
RUNG 10000000007243614369 2500000001810903593 3 765497
RUNG 10000000004188725001 2500000001047181252 7 314
RUNG 10000000006706588761 2500000001676647191 3 26423
RUNG 10000000009220389921 2500000002305097481 3 63446741
RUNG 10000000005040339561 2500000001260084894 15 349827758981
RUNG 10000000004145948241 2500000001036487062 7 1361
RUNG 10000000000296718801 2500000000074179702 7 164
RUNG 10000000004589122641 2500000001147280661 3 1103
RUNG 10000000009888256449 2500000002472064113 3 4091
RUNG 10000000002218361529 2500000000554590386 15 146
RUNG 10000000006347388249 2500000001586847063 3 941
RUNG 10000000009112322889 2500000002278080724 7 237174859
RUNG 10000000001248435369 2500000000312108843 3 1619
RUNG 10000000006590438289 2500000001647609573 3 35933
RUNG 10000000006067737681 2500000001516934423 11 117
RUNG 10000000007041816249 2500000001760454063 3 124349
RUNG 10000000003372270609 2500000000843067653 3 24239
RUNG 10000000000782991609 2500000000195747904 7 7993331
RUNG 10000000006445592529 2500000001611398133 3 9839
RUNG 10000000003235523121 2500000000808880781 3 3659
RUNG 10000000001358895441 2500000000339723861 3 17909
RUNG 10000000005843217561 2500000001460804391 3 113
RUNG 10000000002604637281 2500000000651159322 7 724
RUNG 10000000007646443089 2500000001911610774 7 19
RUNG 10000000002827279449 2500000000706819865 11 439941
RUNG 10000000005794386561 2500000001448596644 15 146681
RUNG 10000000007916070681 2500000001979017673 11 5712737
RUNG 10000000001659264249 2500000000414816064 7 62
RUNG 10000000000266614809 2500000000066653705 11 132417
RUNG 10000000007225893009 2500000001806473257 19 6877
RUNG 10000000004175087481 2500000001043771871 3 233
RUNG 10000000004897991001 2500000001224497753 11 16563
RUNG 10000000008630841801 2500000002157710453 11 153
RUNG 10000000004505941161 2500000001126485292 7 164
RUNG 10000000006533701761 2500000001633425442 7 303694
RUNG 10000000009024992121 2500000002256248033 11 48969
RUNG 10000000009067877481 2500000002266969371 3 449
RUNG 10000000003254195169 2500000000813548794 7 59
RUNG 10000000008608427841 2500000002152106961 3 8438387
RUNG 10000000004189469121 2500000001047367282 7 124
RUNG 10000000009178176201 2500000002294544051 3 1103
RUNG 10000000008537032761 2500000002134258191 3 97157
RUNG 10000000006638019921 2500000001659504983 11 1807664498669201
RUNG 10000000001316474769 2500000000329118695 11 8895
RUNG 10000000007826524809 2500000001956631203 3 25169
RUNG 10000000004103896329 2500000001025974083 3 132558539
RUNG 10000000008806717809 2500000002201679455 11 549
RUNG 10000000001439072769 2500000000359768194 7 1277
RUNG 10000000007134323481 2500000001783580873 11 84805533
RUNG 10000000004835002761 2500000001208750692 7 12092
RUNG 10000000005421096441 2500000001355274112 7 9161
RUNG 10000000007583676561 2500000001895919142 7 169584484
RUNG 10000000008643502449 2500000002160875613 3 7901
RUNG 10000000006037887561 2500000001509471891 3 11471
RUNG 10000000005935787961 2500000001483946991 3 23877089
RUNG 10000000004179687681 2500000001044921922 7 934
RUNG 10000000008715101841 2500000002178775463 11 84339
SUMMARY lo=10000000000000000000 hi=10000000010000000000 wheelM=2042040 lanes=2308 mmax=10000 ucert_rmax=63 ucert_umax=64 wheel_pmin=255254 classes_sha256=a77b2187201ff96ff3ecf822150f4152d841941deeb0cf616238bcbb0a648bbc positions=11302424 covered=11301838 sieved=0 mr=586 composite=495 rung=91 direct=0 survivors=0
