RUNG 3728767849 932191963 3 89
RUNG 4911124201 1227781055 19 14444483
RUNG 9552692881 2388173221 3 1481
RUNG 4222968649 1055742163 3 113
RUNG 8954433721 2238608433 11 153
RUNG 2575120321 643780085 19 13
RUNG 8642043001 2160510755 19 13
RUNG 7964086729 1991021685 11 57
RUNG 8664605161 2166151294 15 6898571
RUNG 8858625889 2214656480 31 292
RUNG 7406741521 1851685382 7 59
RUNG 9679565809 2419891454 7 73
RUNG 9228288169 2307072044 7 118
RUNG 6706376329 1676594084 7 4262
RUNG 3528965449 882241363 3 101
RUNG 3978214321 994553581 3 317
RUNG 2503869601 625967403 11 31828851
RUNG 8411517409 2102879355 11 3365
RUNG 9230393041 2307598261 3 31223
RUNG 2832699769 708174944 7 94
RUNG 7668278641 1917069664 15 6521
RUNG 3827214889 956803724 7 68
RUNG 1121527969 280381994 7 13187
RUNG 5405757289 1351439324 7 692
RUNG 7752156889 1938039234 47 12188926
RUNG 5885750641 1471437668 31 61432522639
RUNG 3363848569 840962145 11 9335
RUNG 5128194289 1282048574 7 68
RUNG 5064902761 1266225691 3 149
RUNG 9083716489 2270929123 3 197
RUNG 9530944921 2382736231 3 37511
RUNG 3065871481 766467873 11 423697
RUNG 5616390649 1404097665 11 1383
RUNG 2643189481 660797372 7 1028
RUNG 7190813569 1797703398 23 402
RUNG 7211237881 1802809472 7 68
RUNG 3390605089 847651275 11 171
RUNG 2453321809 613330454 7 68
RUNG 6112723369 1528180845 11 915
RUNG 5246907481 1311726872 7 5449
RUNG 9179876521 2294969133 11 2089
RUNG 4844647921 1211161982 7 194
RUNG 1260883009 315220754 7 19
RUNG 5404203841 1351050962 7 68
RUNG 8853240169 2213310044 7 409
RUNG 2696520649 674130164 7 8914
RUNG 6290524969 1572631245 11 479
RUNG 1495815721 373953934 15 191
RUNG 4348547449 1087136866 15 53876
RUNG 2825193529 706298383 3 1637
RUNG 2390261329 597565334 7 68
RUNG 6221157121 1555289282 7 31
RUNG 1569395881 392348974 15 4826
RUNG 5788258921 1447064738 31 964
RUNG 6752102809 1688025706 15 446
RUNG 3742161721 935540434 15 25646
RUNG 1704208489 426052124 7 38
RUNG 9302647201 2325661802 7 47
RUNG 3586986001 896746502 7 514
RUNG 2178022729 544505684 7 677
RUNG 7099342849 1774835714 7 38
RUNG 4346712049 1086678015 11 28005
RUNG 4571338489 1142834624 7 11812
RUNG 7707916441 1926979111 3 977
RUNG 2004501409 501125354 7 68
RUNG 4906244641 1226561162 7 94
RUNG 9531467521 2382866881 3 173
RUNG 3009200041 752300011 3 2399
RUNG 8018329729 2004582435 11 2305
RUNG 2439491209 609872806 15 146
RUNG 8036736481 2009184122 7 12134
RUNG 6582837361 1645709348 31 4684
RUNG 2335405081 583851272 7 62
RUNG 2198602561 549650642 7 103
RUNG 6517569529 1629392383 3 569
RUNG 8484057481 2121014375 19 1325633984375
RUNG 9991109041 2497777262 7 262
RUNG 1837247281 459311822 7 244
RUNG 8970135001 2242533756 23 2990045008
RUNG 1514752849 378688213 3 14747
RUNG 8137097329 2034274333 3 389
RUNG 8933496961 2233374245 19 725
RUNG 6736278481 1684069623 11 153
RUNG 4079592841 1019898211 3 281
RUNG 8582304721 2145576181 3 1511
RUNG 8847783961 2211945995 19 1211
RUNG 4153142281 1038285571 3 2963
RUNG 6368800201 1592200052 7 124
RUNG 2268396001 567099003 11 369
RUNG 8096378161 2024094546 23 333
RUNG 5872634329 1468158586 15 41
RUNG 4065432001 1016358002 7 124
RUNG 8020864009 2005216004 7 8039
RUNG 9466637569 2366659395 11 183
RUNG 6097276249 1524319063 3 281
RUNG 4096098889 1024024723 3 2081
RUNG 6771190441 1692797613 11 117
RUNG 4847592649 1211898170 31 1810
RUNG 5090620921 1272655236 23 1814
RUNG 2084738569 521184644 7 101
RUNG 5349964489 1337491124 7 244
RUNG 5831929321 1457982331 3 257
RUNG 2805634441 701408611 3 24179
RUNG 8437586089 2109396526 15 2621
RUNG 6189338401 1547334603 11 39717
RUNG 4451577001 1112894254 15 8305181
RUNG 5405214721 1351303687 27 257
RUNG 4235155681 1058788922 7 3092
RUNG 2705697289 676424328 23 113
RUNG 5152063849 1288015964 7 3884
SUMMARY lo=1000000000 hi=10000000000 wheelM=2042040 lanes=2308 mmax=10000 ucert_rmax=63 ucert_umax=64 wheel_pmin=255254 classes_sha256=a77b2187201ff96ff3ecf822150f4152d841941deeb0cf616238bcbb0a648bbc positions=10172180 covered=10162065 sieved=0 mr=10115 composite=10005 rung=110 direct=0 survivors=0
