REALCHAR 118801 29713 51
REALCHAR 806521 201643 51
DEEP 8803369 2200869 107
SUPPORT 13867921 3466993 51
REALCHAR 16467361 4116853 51
SUPPORT 32794441 8198623 51
REALCHAR 80156521 20039143 51
DEEP 106376209 26594070 71
REALCHAR 117145081 29286283 51
REALCHAR 140919601 35229913 51
DEEP 144329329 36082350 71
REALCHAR 171348241 42837073 51
DEEP 230089729 57522451 75
SUPPORT 245034001 61258513 51
REALCHAR 278046001 69511513 51
REALCHAR 287567281 71891833 51
REALCHAR 287567281 71891839 75
DEEP 287567281 71891841 83
DEEP 332709841 83177478 71
DEEP 376197649 94049430 71
DEEP 401426041 100356528 71
REALCHAR 402847561 100711903 51
REALCHAR 441487201 110371813 51
DEEP 570743209 142685820 71
REALCHAR 587648161 146912053 51
REALCHAR 602030641 150507673 51
REALCHAR 651412441 162853123 51
DEEP 651412441 162853131 83
REALCHAR 698285641 174571423 51
REALCHAR 774378361 193594603 51
REALCHAR 778103881 194525983 51
DEEP 778103881 194525990 79
DEEP 793592809 198398221 75
SUPPORT 823247881 205811983 51
DEEP 1008855241 252213828 71
REALCHAR 1022055241 255513823 51
REALCHAR 1082985121 270746293 51
SUPPORT 1187266081 296816533 51
REALCHAR 1282346521 320586643 51
DEEP 1313972521 328493148 71
REALCHAR 1461306001 365326513 51
REALCHAR 1490176081 372544033 51
REALCHAR 1641245761 410311453 51
REALCHAR 1673206441 418301623 51
REALCHAR 1682127841 420531973 51
DEEP 1683652441 420913128 71
DEEP 1749233641 437308430 79
REALCHAR 1775179561 443794903 51
REALCHAR 1843269481 460817383 51
DEEP 1875932809 468983220 71
REALCHAR 1891167721 472791943 51
REALCHAR 2051050681 512762683 51
REALCHAR 2120414521 530103643 51
REALCHAR 2123538481 530884633 51
DEEP 2127634441 531908628 71
REALCHAR 2136905761 534226453 51
DEEP 2146664809 536666220 71
DEEP 2188875529 547218903 83
REALCHAR 2258910481 564727633 51
DEEP 2292821281 573205338 71
DEEP 2301031489 575257890 71
DEEP 2535613921 633903500 79
DEEP 2629216489 657304140 71
DEEP 2736032209 684008070 71
DEEP 2744973169 686243310 71
DEEP 2782002721 695500698 71
DEEP 2809257889 702314492 79
DEEP 2812462129 703115550 71
REALCHAR 3101304361 775326103 51
DEEP 3121838329 780459600 71
REALCHAR 3218397961 804599503 51
DEEP 3278006449 819501630 71
REALCHAR 3341581681 835395433 51
REALCHAR 3384621241 846155323 51
REALCHAR 3409966561 852491653 51
REALCHAR 3424509001 856127263 51
DEEP 3434195209 858548823 83
DEEP 3439335769 859833960 71
DEEP 3474307321 868576848 71
REALCHAR 3564506401 891126613 51
DEEP 3733223209 933305820 71
DEEP 3769072129 942268050 71
DEEP 3785271169 946317810 71
REALCHAR 3819171841 954792973 51
DEEP 3819171841 954792978 71
REALCHAR 3880135561 970033903 51
REALCHAR 3885147841 971286973 51
REALCHAR 3922010401 980502613 51
REALCHAR 3944291521 986072893 51
REALCHAR 4001109121 1000277293 51
DEEP 4038617521 1009654398 71
REALCHAR 4063936801 1015984213 51
DEEP 4165224001 1041306018 71
DEEP 4209674401 1052418618 71
DEEP 4315477609 1078869420 71
REALCHAR 4316871001 1079217763 51
DEEP 4382228449 1095557130 71
REALCHAR 4458945241 1114736323 51
REALCHAR 4493931121 1123482793 51
DEEP 4507554529 1126888650 71
REALCHAR 4729522561 1182380653 51
DEEP 4729522561 1182380660 79
REALCHAR 4793340841 1198335223 51
REALCHAR 4875763201 1218940813 51
DEEP 5066051761 1266512960 79
REALCHAR 5104221721 1276055443 51
REALCHAR 5162309881 1290577483 51
REALCHAR 5207967361 1301991853 51
SUPPORT 5207995321 1301998843 51
REALCHAR 5271091081 1317772783 51
DEEP 5322797089 1330699290 71
REALCHAR 5361815281 1340453833 51
REALCHAR 5366199721 1341549943 51
REALCHAR 5529849361 1382462353 51
DEEP 5531648929 1382912250 71
REALCHAR 5544555241 1386138823 51
REALCHAR 5544665281 1386166333 51
REALCHAR 5557679521 1389419893 51
REALCHAR 5671643041 1417910779 75
DEEP 5671643041 1417910780 79
DEEP 5683084801 1420771219 75
REALCHAR 5718345361 1429586353 51
DEEP 5743450729 1435862700 71
REALCHAR 5794829881 1448707483 51
DEEP 5998349449 1499587382 79
DEEP 6000595129 1500148803 83
DEEP 6024941521 1506235398 71
REALCHAR 6260931121 1565232793 51
REALCHAR 6273682321 1568420593 51
REALCHAR 6349532641 1587383173 51
REALCHAR 6541736041 1635434023 51
REALCHAR 6617607481 1654401883 51
REALCHAR 6697336801 1674334213 51
DEEP 6745884721 1686471198 71
REALCHAR 6773691961 1693423003 51
REALCHAR 6849243241 1712310823 51
REALCHAR 6939628081 1734907033 51
REALCHAR 7035501841 1758875473 51
REALCHAR 7100675761 1775168953 51
DEEP 7109478289 1777369592 79
REALCHAR 7138194361 1784548603 51
REALCHAR 7500685921 1875171493 51
DEEP 7620719089 1905179792 79
DEEP 7896580561 1974145158 71
SUPPORT 7932383281 1983095833 51
DEEP 8051168449 2012792130 71
REALCHAR 8109569521 2027392393 51
DEEP 8223619849 2055904980 71
DEEP 8314409041 2078602278 71
DEEP 8435854561 2108963658 71
REALCHAR 8544656761 2136164203 51
DEEP 8555613889 2138903492 79
DEEP 8667347329 2166836850 71
DEEP 8672438329 2168109600 71
SUPPORT 8975473081 2243868283 51
REALCHAR 9053010121 2263252543 51
REALCHAR 9157119841 2289279973 51
REALCHAR 9501601561 2375400403 51
DEEP 9724435009 2431108770 71
REALCHAR 9928868161 2482217053 51
REALCHAR 9962976241 2490744073 51
REALCHAR 10100413801 2525103463 51
DEEP 10204217521 2551054399 75
REALCHAR 10280988481 2570247133 51
REALCHAR 10425935521 2606483893 51
REALCHAR 10557606361 2639401603 51
SUPPORT 10642855441 2660713873 51
REALCHAR 10771920721 2692980193 51
REALCHAR 10873044961 2718261253 51
DEEP 10944752809 2736188222 79
DEEP 10972227841 2743056981 83
REALCHAR 11053687681 2763421933 51
DEEP 11067618241 2766904579 75
DEEP 11169469249 2792367330 71
DEEP 11221936489 2805484142 79
DEEP 11241838609 2810459673 83
DEEP 11470924921 2867731248 71
REALCHAR 11511377641 2877844423 51
DEEP 11538857929 2884714500 71
DEEP 11715888529 2928972150 71
REALCHAR 11740963441 2935240873 51
REALCHAR 11771677681 2942919433 51
REALCHAR 11799038161 2949759553 51
DEEP 11894393449 2973598380 71
SUPPORT 11943608161 2985902053 51
REALCHAR 11981351281 2995337833 51
REALCHAR 12024903361 3006225853 51
DEEP 12024903361 3006225859 75
DEEP 12250514329 3062628600 71
DEEP 12250602841 3062650728 71
DEEP 12300078961 3075019758 71
DEEP 12317209921 3079302498 71
REALCHAR 12331112161 3082778053 51
REALCHAR 12478960321 3119740093 51
DEEP 12478960321 3119740099 75
REALCHAR 12720301801 3180075463 51
DEEP 12814116121 3203529048 71
DEEP 12924028441 3231007128 71
REALCHAR 12929299681 3232324933 51
REALCHAR 12973565641 3243391423 51
REALCHAR 13012405561 3253101403 51
DEEP 13130318569 3282579664 87
REALCHAR 13153318201 3288329563 51
REALCHAR 13160306041 3290076523 51
DEEP 13266173209 3316543320 71
REALCHAR 13314231841 3328557973 51
REALCHAR 13344750721 3336187693 51
REALCHAR 13390072921 3347518243 51
REALCHAR 13401659881 3350414983 51
DEEP 13433085961 3358271510 79
DEEP 13489785241 3372446329 75
REALCHAR 13551050881 3387762733 51
DEEP 13593416929 3398354250 71
REALCHAR 13755662281 3438915583 51
REALCHAR 13805569801 3451392463 51
REALCHAR 13871578561 3467894653 51
REALCHAR 13897753321 3474438343 51
REALCHAR 13917506521 3479376643 51
SUPPORT 13997486281 3499371583 51
REALCHAR 14171797201 3542949313 51
DEEP 14183385241 3545846328 71
SUPPORT 14235975121 3558993793 51
SUPPORT 14293882201 3573470563 51
REALCHAR 14294421241 3573605323 51
REALCHAR 14362484761 3590621203 51
REALCHAR 14412925081 3603231283 51
DEEP 14519027329 3629756850 71
REALCHAR 14759283841 3689820973 51
REALCHAR 14800936921 3700234243 51
DEEP 15081514009 3770378520 71
REALCHAR 15094759681 3773689933 51
REALCHAR 15166916521 3791729143 51
SUPPORT 15223463641 3805865923 51
REALCHAR 15253375201 3813343813 51
REALCHAR 15265057201 3816264313 51
DEEP 15265057201 3816264318 71
REALCHAR 15362203921 3840550993 51
REALCHAR 15426553921 3856638493 51
DEEP 15426553921 3856638500 79
SUPPORT 15619157401 3904789363 51
DEEP 15640418641 3910104678 71
REALCHAR 15756025321 3939006343 51
REALCHAR 15814215481 3953553883 51
SUPPORT 15871779361 3967944853 51
REALCHAR 16060821001 4015205263 51
REALCHAR 16112416681 4028104183 51
REALCHAR 16130500681 4032625183 51
DEEP 16357472569 4089368160 71
REALCHAR 16380916561 4095229153 51
DEEP 16380916561 4095229158 71
DEEP 16494953281 4123738338 71
REALCHAR 16498140961 4124535253 51
REALCHAR 16637603761 4159400953 51
SUPPORT 17101266361 4275316603 51
DEEP 17150874049 4287718530 71
REALCHAR 17184110161 4296027559 75
DEEP 17184110161 4296027560 79
DEEP 17197589809 4299397470 71
REALCHAR 17541568801 4385392213 51
DEEP 17576746489 4394186643 83
DEEP 17654894401 4413723622 87
REALCHAR 17775551641 4443887923 51
REALCHAR 17882163121 4470540793 51
REALCHAR 17938074361 4484518603 51
REALCHAR 18017603041 4504400773 51
DEEP 18081052081 4520263040 79
REALCHAR 18130203001 4532550763 51
DEEP 18138381361 4534595361 83
REALCHAR 18219668041 4554917023 51
DEEP 18219668041 4554917028 71
DEEP 18315426529 4578856650 71
DEEP 18421153921 4605288499 75
DEEP 18483104929 4620776256 95
REALCHAR 18606472921 4651618243 51
REALCHAR 18640687321 4660171843 51
DEEP 18640687321 4660171848 71
DEEP 18900806401 4725201618 71
DEEP 19129745209 4782436324 87
DEEP 19155152641 4788788178 71
DEEP 19172029969 4793007512 79
REALCHAR 19180117441 4795029373 51
REALCHAR 19242566641 4810641673 51
REALCHAR 19572659401 4893164863 51
REALCHAR 19591076521 4897769143 51
DEEP 19599002329 4899750600 71
DEEP 19604997721 4901249448 71
REALCHAR 19674345961 4918586503 51
REALCHAR 19758326641 4939581673 51
DEEP 20302312969 5075578260 71
REALCHAR 20414795041 5103698773 51
SUPPORT 20484168721 5121042193 51
DEEP 20484168721 5121042198 71
REALCHAR 20518094041 5129523523 51
REALCHAR 20529954481 5132488633 51
DEEP 20529954481 5132488638 71
SUPPORT 20571188401 5142797113 51
DEEP 20571188401 5142797119 75
REALCHAR 20815693201 5203923313 51
REALCHAR 20898394609 5224598671 75
DEEP 20898394609 5224598673 83
REALCHAR 21156438601 5289109663 51
DEEP 21158687449 5289671885 91
REALCHAR 21182526121 5295631543 51
REALCHAR 21246604201 5311651063 51
DEEP 21263050561 5315762658 71
REALCHAR 21315331801 5328832963 51
DEEP 21333497641 5333374430 79
REALCHAR 21362844721 5340711193 51
REALCHAR 21372474601 5343118663 51
REALCHAR 21440633041 5360158273 51
REALCHAR 21516406081 5379101533 51
REALCHAR 21677446561 5419361653 51
REALCHAR 21719826361 5429956603 51
REALCHAR 21932012281 5483003083 51
REALCHAR 21970141561 5492535403 51
DEEP 21985759849 5496439983 83
DEEP 22040856601 5510214171 83
DEEP 22108983121 5527245800 79
REALCHAR 22281025321 5570256343 51
REALCHAR 22287840961 5571960253 51
REALCHAR 22295279161 5573819803 51
DEEP 22425929761 5606482462 87
DEEP 22488099481 5622024890 79
REALCHAR 22660911001 5665227763 51
REALCHAR 22700597761 5675149453 51
REALCHAR 22709085961 5677271503 51
REALCHAR 22775143561 5693785903 51
REALCHAR 22836293041 5709073273 51
DEEP 22836293041 5709073278 71
REALCHAR 22901223361 5725305853 51
DEEP 22930808209 5732702070 71
REALCHAR 22950759841 5737689973 51
REALCHAR 23027688121 5756922043 51
REALCHAR 23065413361 5766353353 51
DEEP 23089305121 5772326298 71
DEEP 23248669921 5812167498 71
REALCHAR 23266216801 5816554213 51
DEEP 23350858129 5837714556 95
REALCHAR 23381158441 5845289623 51
DEEP 23465455729 5866363950 71
REALCHAR 23496932281 5874233083 51
REALCHAR 23501838361 5875459603 51
DEEP 23712686449 5928171632 79
REALCHAR 23969935201 5992483813 51
REALCHAR 23989543561 5997385903 51
DEEP 24217089649 6054272432 79
SUPPORT 24370841401 6092710363 51
REALCHAR 24970153321 6242538343 51
REALCHAR 24987016441 6246754123 51
REALCHAR 25072836721 6268209193 51
REALCHAR 25084919161 6271229803 51
SUPPORT 25260980761 6315245203 51
REALCHAR 25347145321 6336786343 51
DEEP 26447308801 6611827221 83
REALCHAR 26550692281 6637673083 51
REALCHAR 26607986161 6651996553 51
REALCHAR 26717241721 6679310443 51
REALCHAR 26778074761 6694518703 51
SUPPORT 26785289521 6696322393 51
REALCHAR 27059848201 6764962063 51
DEEP 27273639409 6818409870 71
DEEP 27442495081 6860623788 71
DEEP 27577636321 6894409098 71
REALCHAR 27660004681 6915001183 51
REALCHAR 27898962841 6974740723 51
REALCHAR 28188903961 7047226003 51
DEEP 28370400529 7092600150 71
DEEP 28442651449 7110662882 79
REALCHAR 28481041801 7120260463 51
REALCHAR 28594817161 7148704303 51
REALCHAR 28595899921 7148974993 51
DEEP 28995127561 7248781908 71
REALCHAR 29058316681 7264579183 51
DEEP 29074652161 7268663058 71
REALCHAR 29088669481 7272167383 51
REALCHAR 29186323321 7296580843 51
DEEP 29199025969 7299756510 71
REALCHAR 29877587041 7469396773 51
REALCHAR 29907076081 7476769033 51
DEEP 29966959801 7491739969 75
REALCHAR 30431873761 7607968453 51
REALCHAR 30842917561 7710729403 51
REALCHAR 31507255081 7876813783 51
DEEP 31517403241 7879350831 83
REALCHAR 31597962841 7899490723 51
DEEP 31647815809 7911953971 75
REALCHAR 31703392081 7925848033 51
REALCHAR 31846270681 7961567683 51
SUPPORT 31867784881 7966946233 51
REALCHAR 32169097321 8042274343 51
DEEP 32172872449 8043218130 71
DEEP 32324230849 8081057733 83
DEEP 32362174849 8090543732 79
DEEP 32411019601 8102754920 79
REALCHAR 32478589441 8119647373 51
SUPPORT 32501506801 8125376713 51
REALCHAR 32561289601 8140322413 51
DEEP 32578459489 8144614890 71
REALCHAR 32612348521 8153087143 51
REALCHAR 32981196361 8245299103 51
DEEP 32981196361 8245299110 79
DEEP 33093387721 8273346950 79
DEEP 33208879729 8302219951 75
DEEP 33523014121 8380753548 71
REALCHAR 33531280561 8382820153 51
REALCHAR 33580838041 8395209523 51
DEEP 33580838041 8395209528 71
REALCHAR 33817762801 8454440713 51
DEEP 33818623609 8454655920 71
REALCHAR 34326166081 8581541533 51
DEEP 34376307001 8594076768 71
REALCHAR 34603077721 8650769443 51
REALCHAR 34618149721 8654537443 51
REALCHAR 34618149721 8654537449 75
DEEP 34618149721 8654537451 83
DEEP 34709533489 8677383390 71
REALCHAR 34731963841 8682990973 51
DEEP 34734147529 8683536900 71
DEEP 34982282449 8745570633 83
REALCHAR 35318969401 8829742363 51
REALCHAR 35515839241 8878959823 51
REALCHAR 35562284521 8890571143 51
REALCHAR 35584894801 8896223713 51
DEEP 35726487889 8931621996 95
REALCHAR 36125032441 9031258123 51
REALCHAR 36377087041 9094271773 51
DEEP 36450105169 9112526310 71
REALCHAR 36464339521 9116084893 51
REALCHAR 36648782041 9162195523 51
REALCHAR 36782769241 9195692323 51
DEEP 36976958209 9244239570 71
DEEP 36983626969 9245906760 71
REALCHAR 37227933961 9306983503 51
REALCHAR 37291363561 9322840903 51
REALCHAR 37344947641 9336236923 51
REALCHAR 37778223961 9444556003 51
REALCHAR 37876870201 9469217563 51
DEEP 38365413241 9591353328 71
DEEP 38523208441 9630802128 71
DEEP 38837508649 9709377182 79
REALCHAR 38990130001 9747532513 51
DEEP 39144114409 9786028624 87
REALCHAR 39162889921 9790722493 51
DEEP 39201271201 9800317818 71
REALCHAR 39556092601 9889023163 51
SUPPORT 39620818561 9905204653 51
DEEP 39685234801 9921308719 75
REALCHAR 39799196761 9949799203 51
REALCHAR 39823922161 9955980553 51
REALCHAR 39862324681 9965581183 51
REALCHAR 39906999001 9976749763 51
REALCHAR 39940947601 9985236913 51
SUPPORT 39967438681 9991859683 51
SUPPORT 39979642921 9994910743 51
REALCHAR 40040004601 10010001163 51
REALCHAR 40157492281 10039373083 51
REALCHAR 40310129161 10077532303 51
REALCHAR 40367538121 10091884543 51
REALCHAR 40424836321 10106209093 51
REALCHAR 40496353921 10124088493 51
DEEP 40496353921 10124088498 71
REALCHAR 40501797361 10125449353 51
REALCHAR 40514794321 10128698593 51
DEEP 40524500041 10131125028 71
DEEP 40909984369 10227496110 71
REALCHAR 40919655841 10229913973 51
REALCHAR 41099525041 10274881273 51
DEEP 41099525041 10274881278 71
DEEP 41421615481 10355403888 71
REALCHAR 41781831841 10445457973 51
REALCHAR 41943126241 10485781573 51
REALCHAR 42257327401 10564331863 51
REALCHAR 42334409881 10583602483 51
DEEP 42653853841 10663463478 71
REALCHAR 42832401481 10708100383 51
SUPPORT 42848969641 10712242423 51
SUPPORT 42925187761 10731296953 51
DEEP 42925187761 10731296958 71
DEEP 43023377401 10755844368 71
DEEP 43078210561 10769552660 79
DEEP 43510950289 10877737590 71
DEEP 43883526241 10970881578 71
REALCHAR 43952014681 10988003683 51
DEEP 44133021409 11033255370 71
REALCHAR 44135888281 11033972083 51
REALCHAR 44159875321 11039968843 51
REALCHAR 44278930081 11069732533 51
DEEP 44723463409 11180865871 75
REALCHAR 45110364601 11277591163 51
DEEP 45166017961 11291504509 75
DEEP 45195081409 11298770378 103
REALCHAR 45299315881 11324828983 51
REALCHAR 45332932681 11333233183 51
DEEP 45378170161 11344542558 71
REALCHAR 45528354481 11382088633 51
REALCHAR 46089299881 11522324983 51
SUPPORT 46107084241 11526771073 51
REALCHAR 46331162641 11582790673 51
DEEP 46544770561 11636192659 75
REALCHAR 46735413481 11683853383 51
REALCHAR 46870120441 11717530123 51
REALCHAR 47110409641 11777602423 51
REALCHAR 47322558721 11830639693 51
DEEP 47322558721 11830639698 71
REALCHAR 47361809401 11840452363 51
DEEP 47747444761 11936861208 71
DEEP 47874771961 11968693008 71
DEEP 48001175161 12000293808 71
DEEP 48076210009 12019052520 71
DEEP 48354252769 12088563210 71
REALCHAR 48355572721 12088893193 51
DEEP 48361098241 12090274578 71
DEEP 48455100409 12113775120 71
DEEP 48511296289 12127824093 83
DEEP 48763421281 12190855338 71
DEEP 48935920609 12233980170 71
REALCHAR 49294248721 12323562193 51
REALCHAR 49359046801 12339761713 51
DEEP 49402109689 12350527442 79
REALCHAR 49495782961 12373945753 51
DEEP 49546326769 12386581710 71
REALCHAR 50022403201 12505600813 51
REALCHAR 50231111401 12557777863 51
DEEP 50235839809 12558959970 71
DEEP 50265649729 12566412450 71
DEEP 50269907689 12567476940 71
REALCHAR 50276082481 12569020633 51
DEEP 50537956681 12634489188 71
SUPPORT 50538983881 12634745983 51
DEEP 50606240161 12651560058 71
REALCHAR 51345578881 12836394733 51
REALCHAR 51402424441 12850606123 51
REALCHAR 51417901921 12854475493 51
DEEP 51417901921 12854475500 79
REALCHAR 51509770321 12877442593 51
DEEP 51548527801 12887131968 71
DEEP 51712752961 12928188264 95
REALCHAR 51821211121 12955302793 51
DEEP 52028346049 13007086530 71
DEEP 52045125001 13011281268 71
REALCHAR 52109499121 13027374793 51
REALCHAR 52173523921 13043380993 51
DEEP 52261543489 13065385890 71
REALCHAR 52352891761 13088222953 51
REALCHAR 52495890841 13123972723 51
SUPPORT 52507187041 13126796773 51
REALCHAR 52622615761 13155653953 51
REALCHAR 52688363641 13172090923 51
DEEP 52928743921 13232185998 71
DEEP 52984739809 13246184970 71
DEEP 53047240009 13261810020 71
REALCHAR 53070042481 13267510633 51
SUPPORT 53182136401 13295534113 51
REALCHAR 53349532681 13337383183 51
REALCHAR 53522732041 13380683023 51
DEEP 53738702161 13434675558 71
REALCHAR 53859678601 13464919663 51
DEEP 54154929481 13538732388 71
REALCHAR 54232822081 13558205533 51
REALCHAR 54237617281 13559404333 51
REALCHAR 54427291801 13606822963 51
DEEP 54618909409 13654727371 75
REALCHAR 54938671321 13734667843 51
DEEP 55284420409 13821105120 71
REALCHAR 55322726281 13830681583 51
REALCHAR 55348518481 13837129633 51
REALCHAR 55542878161 13885719553 51
DEEP 55918911409 13979727873 83
REALCHAR 55944060481 13986015133 51
DEEP 56078907361 14019726858 71
REALCHAR 56327696881 14081924233 51
DEEP 56601605449 14150401380 71
DEEP 56701796449 14175449130 71
REALCHAR 56713170361 14178292603 51
REALCHAR 56984004001 14246001013 51
REALCHAR 57117585121 14279396293 51
REALCHAR 57329590081 14332397533 51
REALCHAR 57604371841 14401092973 51
REALCHAR 57742200961 14435550253 51
DEEP 58022932969 14505733263 83
REALCHAR 58179635641 14544908923 51
DEEP 58314009601 14578502418 71
REALCHAR 58405559521 14601389893 51
REALCHAR 58468650601 14617162663 51
REALCHAR 58675860721 14668965193 51
DEEP 59257838929 14814459752 79
DEEP 59293840369 14823460110 71
DEEP 59348217889 14837054490 71
REALCHAR 59650118641 14912529673 51
DEEP 59934892081 14983723041 83
SUPPORT 60096847561 15024211903 51
REALCHAR 60302531041 15075632773 51
SUPPORT 60393726121 15098431543 51
REALCHAR 60437380441 15109345123 51
REALCHAR 60598055281 15149513833 51
REALCHAR 60624878521 15156219643 51
REALCHAR 60703533361 15175883353 51
DEEP 61113203761 15278300958 71
DEEP 61263422089 15315855544 87
REALCHAR 61467278401 15366819613 51
REALCHAR 61508585161 15377146303 51
DEEP 61638633169 15409658310 71
DEEP 61824242041 15456060528 71
REALCHAR 62004211201 15501052813 51
DEEP 62065680121 15516420048 71
DEEP 62186464201 15546616068 71
REALCHAR 62267281561 15566820403 51
DEEP 62493253729 15623313450 71
REALCHAR 63015830641 15753957673 51
DEEP 63016636489 15754159141 75
REALCHAR 63115034161 15778758553 51
REALCHAR 63180948601 15795237163 51
REALCHAR 63208590481 15802147633 51
REALCHAR 63383665801 15845916463 51
DEEP 63383665801 15845916468 71
DEEP 63468183601 15867045918 71
REALCHAR 63468648721 15867162193 51
DEEP 63472158481 15868039638 71
REALCHAR 63501632041 15875408023 51
REALCHAR 63759456121 15939864043 51
REALCHAR 63820007161 15955001803 51
DEEP 63834180601 15958545169 75
REALCHAR 64345239841 16086309973 51
REALCHAR 64529823121 16132455793 51
DEEP 64744375609 16186093922 79
DEEP 64768935169 16192233811 75
DEEP 65157870649 16289467686 95
REALCHAR 65165158969 16291289761 75
DEEP 65165158969 16291289762 79
DEEP 65285329321 16321332348 71
REALCHAR 65311701361 16327925353 51
REALCHAR 65789232961 16447308253 51
SUPPORT 65938271281 16484567833 51
REALCHAR 66054070681 16513517683 51
REALCHAR 66067264561 16516816153 51
DEEP 66240013849 16560003480 71
REALCHAR 66342174721 16585543693 51
REALCHAR 66431664601 16607916163 51
REALCHAR 66563453401 16640863363 51
REALCHAR 66614358721 16653589699 75
DEEP 66614358721 16653589700 79
DEEP 66619670209 16654917570 71
REALCHAR 66680155441 16670038873 51
REALCHAR 66713311921 16678327993 51
REALCHAR 66751009081 16687752283 51
DEEP 66779375569 16694843910 71
DEEP 66887009401 16721752368 71
REALCHAR 66913057201 16728264313 51
DEEP 67006811089 16751702790 71
REALCHAR 67165154281 16791288583 51
REALCHAR 67586487721 16896621943 51
REALCHAR 67598301241 16899575323 51
DEEP 67635386809 16908846725 91
DEEP 67680123289 16920030842 79
DEEP 67826705521 16956676398 71
DEEP 68173456849 17043364230 71
REALCHAR 68401532161 17100383053 51
REALCHAR 68555695321 17138923843 51
REALCHAR 68826804601 17206701163 51
DEEP 68859976441 17214994128 71
DEEP 68867816161 17216954058 71
REALCHAR 69108746281 17277186583 51
REALCHAR 69256047961 17314012003 51
DEEP 69256047961 17314012010 79
REALCHAR 69282650761 17320662703 51
REALCHAR 69519499921 17379874993 51
REALCHAR 69577916521 17394479143 51
DEEP 69582688561 17395672158 71
REALCHAR 69601597321 17400399343 51
DEEP 69614345161 17403586308 71
DEEP 69953509081 17488377288 71
REALCHAR 70053014641 17513253673 51
REALCHAR 70068845401 17517211363 51
SUPPORT 70148516881 17537129233 51
REALCHAR 70411083961 17602771003 51
SUPPORT 70482858601 17620714663 51
REALCHAR 70518160441 17629540123 51
DEEP 70748675089 17687168794 87
DEEP 70905089641 17726272428 71
REALCHAR 71072277721 17768069443 51
SUPPORT 71293955041 17823488773 51
REALCHAR 72314545081 18078636283 51
DEEP 72459193921 18114798499 75
REALCHAR 72910856041 18227714023 51
REALCHAR 73310460001 18327615013 51
DEEP 73632551521 18408137898 71
DEEP 74158151929 18539538003 83
REALCHAR 74845968961 18711492253 51
SUPPORT 74889592801 18722398213 51
DEEP 75164137129 18791034300 71
REALCHAR 75531391321 18882847843 51
REALCHAR 75667005241 18916751323 51
REALCHAR 75899308081 18974827033 51
REALCHAR 75919408321 18979852093 51
REALCHAR 76269878281 19067469583 51
REALCHAR 76880255761 19220063953 51
REALCHAR 77213710729 19303427701 75
DEEP 77213710729 19303427702 79
REALCHAR 77374115641 19343528923 51
REALCHAR 77448849241 19362212323 51
DEEP 77448849241 19362212328 71
DEEP 77490401041 19372600278 71
REALCHAR 77520379561 19380094903 51
DEEP 77564488849 19391122232 79
REALCHAR 77733801601 19433450413 51
SUPPORT 77771868001 19442967013 51
DEEP 78434003041 19608500778 71
DEEP 78577551649 19644387930 71
REALCHAR 78824356081 19706089033 51
DEEP 78910994761 19727748708 71
DEEP 79167527209 19791881820 71
REALCHAR 79522480801 19880620213 51
REALCHAR 79721177761 19930294453 51
SUPPORT 79736847961 19934212003 51
DEEP 79838604169 19959651060 71
REALCHAR 79851002401 19962750613 51
REALCHAR 79894520161 19973630053 51
REALCHAR 80008885441 20002221373 51
DEEP 80338933249 20084733331 75
DEEP 80400270721 20100067699 75
REALCHAR 80402186881 20100546733 51
DEEP 80561385529 20140346402 79
REALCHAR 80738503561 20184625903 51
DEEP 80868654409 20217163622 79
DEEP 81052494769 20263123710 71
REALCHAR 81174983761 20293745953 51
DEEP 81530353129 20382588300 71
SUPPORT 81836338081 20459084533 51
REALCHAR 82118323681 20529580933 51
REALCHAR 82174452721 20543613193 51
REALCHAR 82480370281 20620092583 51
DEEP 82480370281 20620092591 83
DEEP 82665771841 20666442978 71
REALCHAR 82763531761 20690882953 51
REALCHAR 83227789681 20806947433 51
SUPPORT 83260782361 20815195603 51
DEEP 83601600889 20900400240 71
REALCHAR 83648374681 20912093683 51
REALCHAR 83834522641 20958630673 51
REALCHAR 84098490841 21024622723 51
REALCHAR 84132920041 21033230023 51
REALCHAR 84153178321 21038294593 51
DEEP 84360331969 21090083010 71
DEEP 85844675401 21461168870 79
REALCHAR 85862215321 21465553843 51
REALCHAR 85868068441 21467017123 51
REALCHAR 85915247401 21478811863 51
REALCHAR 85932863041 21483215773 51
REALCHAR 86202252361 21550563103 51
REALCHAR 86928270361 21732067603 51
SUPPORT 87007619521 21751904893 51
REALCHAR 87088424641 21772106173 51
DEEP 87245968489 21811492140 71
DEEP 87485470801 21871367720 79
DEEP 87574132801 21893533218 71
REALCHAR 87630862321 21907715593 51
REALCHAR 87857540521 21964385143 51
DEEP 88174711249 22043677832 79
REALCHAR 88358274601 22089568663 51
REALCHAR 88361512801 22090378213 51
DEEP 88517185849 22129296481 75
REALCHAR 88609052401 22152263113 51
DEEP 88609052401 22152263118 71
REALCHAR 88694620921 22173655243 51
REALCHAR 88850167561 22212541903 51
REALCHAR 88923662881 22230915733 51
DEEP 88982031889 22245507990 71
REALCHAR 89026987921 22256746993 51
DEEP 89107516369 22276879110 71
DEEP 89585632249 22396408080 71
REALCHAR 89690910241 22422727573 51
DEEP 89720518801 22430129718 71
SUPPORT 90048511081 22512127783 51
DEEP 90097644289 22524411090 71
DEEP 90288105961 22572026508 71
REALCHAR 90382418281 22595604583 51
DEEP 90382418281 22595604588 71
REALCHAR 90655449889 22663862491 75
DEEP 90655449889 22663862492 79
DEEP 90696475081 22674118788 71
DEEP 91521060409 22880265122 79
DEEP 91724200129 22931050050 71
REALCHAR 91739451241 22934862823 51
DEEP 92039679601 23009919922 87
REALCHAR 92068903081 23017225783 51
REALCHAR 92118298561 23029574653 51
DEEP 92118298561 23029574659 75
DEEP 92159707201 23039926825 99
REALCHAR 92185086361 23046271603 51
REALCHAR 92277451561 23069362903 51
REALCHAR 92307095521 23076773893 51
REALCHAR 92525721961 23131430503 51
DEEP 92535046321 23133761600 79
REALCHAR 92773518601 23193379663 51
REALCHAR 93125001841 23281250473 51
DEEP 93143390209 23285847570 71
REALCHAR 93255387481 23313846883 51
DEEP 93432459121 23358114798 71
DEEP 93859762441 23464940630 79
REALCHAR 94054895281 23513723833 51
REALCHAR 94064236561 23516059159 75
DEEP 94064236561 23516059160 79
REALCHAR 94071006481 23517751633 51
REALCHAR 94807551721 23701887943 51
DEEP 94904912041 23726228028 71
REALCHAR 95284098361 23821024603 51
SUPPORT 95472497761 23868124453 51
REALCHAR 95753188441 23938297123 51
DEEP 95784140761 23946035208 71
REALCHAR 95834370241 23958592573 51
DEEP 95898421369 23974605360 71
REALCHAR 95943348601 23985837163 51
REALCHAR 96317283841 24079320973 51
DEEP 96352838761 24088209709 75
REALCHAR 96445792921 24111448243 51
REALCHAR 96478004401 24119501113 51
REALCHAR 96757852801 24189463213 51
REALCHAR 96782444641 24195611173 51
REALCHAR 96817976161 24204494053 51
DEEP 96857566129 24214391550 71
REALCHAR 98170917601 24542729413 51
DEEP 98401441681 24600360438 71
DEEP 98426110561 24606527659 75
DEEP 98574055969 24643514010 71
DEEP 98657759209 24664439825 91
DEEP 98771007241 24692751829 75
REALCHAR 99003273121 24750818293 51
DEEP 99273350089 24818337540 71
DEEP 99391843849 24847960980 71
REALCHAR 99505868401 24876467113 51
REALCHAR 99563287321 24890821843 51
