RUNG 17375718361 4343929597 27 44059857341
RUNG 89255526361 22313881592 7 124
RUNG 216466450201 54116612552 7 13522
RUNG 130976445961 32744111492 7 2887
RUNG 110803132969 27700783249 27 26867879
RUNG 139712293249 34928073316 15 1061
RUNG 143053070689 35763267674 7 38
RUNG 172727995969 43181998995 11 344055
RUNG 436049053969 109012263494 7 73
RUNG 469906077169 117476519293 3 701
RUNG 522415093729 130603773433 3 353
RUNG 38322965521 9580741383 11 443907684079
RUNG 78984066001 19746016504 15 2456
RUNG 107811544681 26952886171 3 2741
RUNG 430705035601 107676258905 19 169621
RUNG 99545366881 24886341723 11 909
RUNG 327500334121 81875083534 15 7586
RUNG 231787877689 57946969424 7 38
RUNG 409837429681 102459357421 3 17123
RUNG 423608947441 105902236862 7 27746
RUNG 445965201361 111491300341 3 3413
RUNG 188145399289 47036349823 3 6089
RUNG 213824052289 53456013077 19 594623
RUNG 248242636489 62060659128 23 1434199
RUNG 405659416369 101414854100 31 10190
RUNG 411789620449 102947405113 3 89
RUNG 466943078809 116735769705 11 31085
RUNG 213726035041 53431508763 11 11425941
RUNG 447829584721 111957396181 3 54869
RUNG 3728767849 932191963 3 89
RUNG 214685794129 53671448533 3 2909
RUNG 297894840049 74473710013 3 1181
RUNG 353338268089 88334567023 3 4079
RUNG 372713143609 93178285903 3 48299
RUNG 394248497449 98562124365 11 36615
RUNG 479705829409 119926457353 3 5261
RUNG 424487026441 106121756611 3 257
RUNG 515351680321 128837920087 27 109092227
RUNG 165011130001 41252782502 7 4574
RUNG 418757063209 104689265807 19 2009
RUNG 419820966049 104955241514 7 433
RUNG 489095131009 122273782757 19 127
RUNG 290962116481 72740529124 15 356
RUNG 505210911241 126302727815 19 565
RUNG 507759377161 126939844294 15 230861
RUNG 72304557649 18076139415 11 519
RUNG 77703711409 19425927854 7 62
RUNG 77967134569 19491783643 3 7187
RUNG 93727599289 23431899824 7 52366
RUNG 156105795169 39026448793 3 4679
RUNG 290913107809 72728276957 19 469
RUNG 452179132729 113044783186 15 226769876
RUNG 23316018889 5829004725 11 1143
RUNG 86002562809 21500640703 3 20123
RUNG 198596564329 49649141086 15 2683737356
RUNG 351674008849 87918502213 3 1613
RUNG 358057425889 89514356473 3 257
RUNG 448848566329 112212141583 3 257
RUNG 525753834769 131438458697 19 13
RUNG 136796265841 34199066464 15 191
RUNG 260488754761 65122188691 3 137
RUNG 36378949489 9094737373 3 31793
RUNG 253227261169 63306815293 3 9323
RUNG 295084997089 73771249275 11 65005
RUNG 296306137009 74076534254 7 61
RUNG 65635257601 16408814402 7 227
RUNG 310126664761 77531666193 11 151
RUNG 494894528041 123723632018 31 724
RUNG 502141728001 125535432005 19 11927
RUNG 518337147241 129584286813 11 6311
RUNG 105479542921 26369885733 11 2169
RUNG 423012678841 105753169713 11 2433
RUNG 534285480481 133571370123 11 79
RUNG 219541771849 54885442963 3 1373
RUNG 465909813961 116477453494 15 71
RUNG 151984963321 37996240832 7 188
RUNG 328486648681 82121662172 7 19676
RUNG 476203738201 119050934551 3 4019
RUNG 269665686889 67416421723 3 2609
RUNG 297647761009 74411940253 3 509
RUNG 329193194929 82298298733 3 137
RUNG 384593740441 96148435115 19 3509066975
RUNG 20312183329 5078045834 7 6436
RUNG 234038215849 58509553964 7 1543
RUNG 249790512409 62447628106 15 308996
RUNG 281836246129 70459061535 11 30579
RUNG 352615394569 88153848645 11 109
RUNG 370940661529 92735165383 3 12011
RUNG 416847762769 104211940693 3 101
RUNG 525374020609 131343505154 7 73
RUNG 98740814041 24685203511 3 401
RUNG 135381137761 33845284441 3 15377
RUNG 206121488161 51530372046 23 666
RUNG 514496074681 128624018672 7 3148
RUNG 84473081449 21118270365 11 615
RUNG 121011303169 30252825794 7 194
RUNG 319354648369 79838662094 7 94918
RUNG 479967220489 119991805125 11 4113
RUNG 486295502449 121573875615 11 1605
RUNG 11592675361 2898168841 3 101
RUNG 246221029321 61555257331 3 2087
RUNG 426696524521 106674131132 7 1013
RUNG 53321762881 13330440722 7 96739
RUNG 151247791081 37811947771 3 39371
RUNG 497792189281 124448047321 3 2081
RUNG 42445859569 10611464896 15 4091
RUNG 86090380489 21522595125 11 83
RUNG 96059619769 24014904944 7 859
RUNG 326342512609 81585628154 7 61
RUNG 508717105009 127179276254 7 10477
RUNG 84217830841 21054457715 19 4577056025
RUNG 157902802201 39475700552 7 122
RUNG 218855654161 54713913543 11 4243
RUNG 378308347561 94577086893 11 811
RUNG 523246220641 130811555161 3 173
RUNG 4911124201 1227781055 19 14444483
RUNG 225586218841 56396554712 7 73
RUNG 290124893041 72531223262 7 479
RUNG 308911661041 77227915262 7 324299
RUNG 351937443841 87984360962 7 257596
RUNG 356164466641 89041116661 3 2939
RUNG 403184479681 100796119922 7 87223
RUNG 450018667081 112504666778 31 1463815367
RUNG 156918540529 39229635137 19 796169
RUNG 179630109649 44907527414 7 122
RUNG 186074787889 46518696975 11 29961
RUNG 482930226769 120732556694 7 94
RUNG 174549514441 43637378611 3 45191
RUNG 300186025441 75046506361 3 2531
RUNG 383605401481 95901350372 7 1951
RUNG 147629301481 36907325373 11 3607
RUNG 273253560241 68313390061 3 20507
RUNG 245106081721 61276520435 19 288613
RUNG 461760399601 115440099901 3 317
RUNG 486079053961 121519763493 11 925839
RUNG 92477887681 23119471923 11 636315741
RUNG 378051055561 94512763892 7 122
RUNG 143765764921 35941441231 3 133583
RUNG 224505984481 56126496124 15 3326
RUNG 598341241 149585312 7 68
RUNG 72075867361 18018966842 7 68
RUNG 349823937961 87455984491 3 18131
RUNG 390603476761 97650869191 3 2879
RUNG 497455261801 124363815452 7 68
RUNG 284372472409 71093118103 3 3767
RUNG 533088860329 133272215084 7 157
RUNG 176087175889 44021793974 7 412
RUNG 187512389689 46878097424 7 9092
RUNG 79151539009 19787884754 7 6247
RUNG 515886717889 128971679473 3 9203
RUNG 24892495489 6223123873 3 1373
RUNG 177816787009 44454196753 3 269
RUNG 285914216449 71478554116 15 251
RUNG 416627238889 104156809724 7 61
RUNG 483602066809 120900516706 15 787625516
RUNG 221602209481 55400552372 7 16204
RUNG 292753009201 73188252301 3 293
RUNG 491557855441 122889463862 7 1966
RUNG 9552692881 2388173221 3 1481
RUNG 121768917001 30442229253 11 3382469917
RUNG 360997987081 90249496772 7 269
RUNG 4222968649 1055742163 3 113
RUNG 24482047489 6120511878 23 40947
RUNG 115581535969 28895383993 3 173
RUNG 85728953521 21432238383 11 7697345549790027
RUNG 460796566441 115199141614 15 6746
RUNG 472738416361 118184604092 7 10316
RUNG 89913094441 22478273613 11 1377
RUNG 146400004921 36600001233 11 8109
RUNG 270286487641 67571621913 11 233
RUNG 196713828721 49178457182 7 2663
RUNG 280925516281 70231379074 15 7166
RUNG 451156096801 112789024205 19 325
RUNG 464621308561 116155327144 15 101
RUNG 520558910281 130139727572 7 388
RUNG 123708858001 30927214503 11 152037
RUNG 201459531001 50364882751 3 89
RUNG 265504031521 66376007884 15 11366
RUNG 367405911601 91851477903 11 10071
RUNG 137382358129 34345589534 7 1252
RUNG 138299234089 34574808524 7 62
RUNG 230997639889 57749409974 7 97
RUNG 353658898609 88414724659 27 6090263
RUNG 101660952649 25415238167 19 319
RUNG 472172774329 118043193584 7 4259
RUNG 534207907489 133551976876 15 911
RUNG 203646559561 50911639891 3 9221
RUNG 236194635121 59048658783 11 79
RUNG 245165316841 61291329212 7 31
RUNG 430464110521 107616027631 3 149
RUNG 198633352009 49658338003 3 269
RUNG 210546613369 52636653344 7 19
RUNG 413901124729 103475281185 11 183
RUNG 445630342249 111407585563 3 7649
RUNG 114321604609 28580401155 11 369
RUNG 491425131409 122856282857 19 3889
RUNG 522882757609 130720689403 3 197
RUNG 428491500889 107122875227 19 62576729093
RUNG 63054148921 15763537232 7 68
RUNG 136483865281 34120966322 7 68
RUNG 201614731081 50403682771 3 2153
RUNG 262018274281 65504568572 7 68
RUNG 329705774161 82426443542 7 68
RUNG 525512905681 131378226422 7 68
RUNG 49151941609 12287985407 19 173070217
RUNG 108703954129 27175988533 3 37397
RUNG 120588626929 30147156737 19 52309
RUNG 262649265649 65662316413 3 101501
RUNG 110692901881 27673225475 19 179
RUNG 196969091881 49242272971 3 3767
RUNG 94916100889 23729025225 11 13697
RUNG 167012365129 41753091294 47 13816377
RUNG 293034821689 73258705424 7 61
RUNG 450092202169 112523050543 3 929
RUNG 479321962729 119830490684 7 1244
RUNG 534069055129 133517263784 7 7292
RUNG 64332471121 16083117783 11 16099217
RUNG 75016424401 18754106102 7 41
RUNG 78926931001 19731732753 11 6773681
RUNG 476628515281 119157128823 11 1370636292049523831
RUNG 102298080361 25574520091 3 30809
RUNG 147186203761 36796550942 7 97
RUNG 152471003281 38117750825 19 553
RUNG 271215629281 67803907322 7 188
RUNG 466740959281 116685239821 3 20483
RUNG 405412372369 101353093093 3 8627
RUNG 467516934889 116879233726 15 206
RUNG 29554492081 7388623021 3 3209
RUNG 33767220601 8441805151 3 1481
RUNG 37979949121 9494987282 7 188
RUNG 47887927201 11971981801 3 4481
RUNG 152863077481 38215769371 3 293
RUNG 283292256361 70823064092 7 412
RUNG 322750596169 80687649045 11 305
RUNG 336213765889 84053441473 3 29633
RUNG 418056687049 104514171768 23 4174
RUNG 482340106249 120585026566 15 131
RUNG 118017708769 29504427194 7 349
RUNG 203934499729 50983624935 11 1481
RUNG 188210792449 47052698114 7 194
RUNG 427294877689 106823719426 15 41516
RUNG 514916772049 128729193015 11 285
RUNG 110470329841 27617582462 7 59
RUNG 289969729921 72492432483 11 83
RUNG 254054332009 63513583005 11 233
RUNG 427878902929 106969725733 3 113
RUNG 452226145849 113056536469 27 30950123383511
RUNG 24218646169 6054661544 7 101
RUNG 143763752521 35940938133 11 249
RUNG 163181510881 40795377723 11 6453
RUNG 196746522361 49186630595 19 1775
RUNG 285166854361 71291713591 3 941
RUNG 307604789881 76901197475 19 14075
RUNG 341498569801 85374642456 23 118884
RUNG 479299513081 119824878272 7 5806
RUNG 121264556449 30316139119 27 221285687
RUNG 341680312009 85420078003 3 137
RUNG 344394183169 86098545795 11 1359
RUNG 91630473169 22907618296 15 2036
RUNG 439657392409 109914348105 11 5155
RUNG 458687163169 114671790796 15 232961
RUNG 522647940049 130661985016 15 8306
RUNG 260682797761 65170699441 3 2543
RUNG 336458818081 84114704522 7 236
RUNG 467149378081 116787344522 7 796
RUNG 532868351401 133217087853 11 7499
RUNG 134033436289 33508359074 7 38
RUNG 223525839289 55881459825 11 6261
RUNG 196062443641 49015610912 7 6158
RUNG 223472746561 55868186641 3 3833
RUNG 187571641849 46892910466 15 24956
RUNG 335256058729 83814014684 7 1018
RUNG 362676571849 90669142964 7 38
RUNG 483277412209 120819353053 3 54293
RUNG 484398492169 121099623047 19 46580243405463209
RUNG 27075466441 6768866611 3 2579
RUNG 141921838081 35480459524 15 76631
RUNG 289377546481 72344386628 31 83
RUNG 361410507481 90352626871 3 1193
RUNG 36560743129 9140185784 7 362
RUNG 115630573969 28907643493 3 797
RUNG 132044491489 33011122876 15 86
RUNG 235302287089 58825571775 11 19
RUNG 237162585529 59290646384 7 76
RUNG 259443283969 64860820998 23 129
RUNG 309207798769 77301949695 11 61905
RUNG 448948680049 112237170013 3 4091
RUNG 516164468689 129041117173 3 6449
RUNG 531357246289 132839311573 3 8951
RUNG 145879316521 36469829131 3 509
RUNG 224246685601 56061671402 7 3428
RUNG 306718555081 76679638771 3 16829
RUNG 166138395721 41534598932 7 31
RUNG 339037922521 84759480631 3 6329
RUNG 357475501681 89368875423 11 3209
RUNG 476810277241 119202569315 19 2315747837179949509
RUNG 76025214841 19006303711 3 1289
RUNG 20767612681 5191903173 11 153
RUNG 45792812881 11448203223 11 153
RUNG 139173260041 34793315011 3 137
RUNG 165634014361 41408503593 11 153
RUNG 209429646241 52357411562 7 32497
RUNG 174016588729 43504147184 7 3902
RUNG 326897997409 81724499354 7 59
RUNG 385912954249 96478238564 7 31
RUNG 449681779369 112420444845 11 593
RUNG 454454026849 113613506715 11 2045
RUNG 47502001849 11875500468 23 152250006
RUNG 511802678689 127950669673 3 18059
RUNG 95994326401 23998581602 7 1076
RUNG 99498467041 24874616762 7 13151
RUNG 295168781881 73792195472 7 523
RUNG 102671798161 25667949542 7 188
RUNG 123143249161 30785812291 3 7829
RUNG 257458430161 64364607542 7 202
RUNG 440359868881 110089967221 3 1709
RUNG 475260374521 118815093633 11 5609
RUNG 524798223049 131199555764 7 147454
RUNG 64718443729 16179610937 19 56374951
RUNG 136747320649 34186830163 3 461
RUNG 180373463209 45093365804 7 412
RUNG 357461214049 89365303516 15 8936
RUNG 378561613369 94640403347 19 755377
RUNG 483675622369 120918905594 7 76
RUNG 294927824689 73731956176 15 71
RUNG 298785238249 74696309565 11 61
RUNG 424770938089 106192734528 23 1052
RUNG 433525163569 108381290893 3 82571
RUNG 157280035201 39320008801 3 12899
RUNG 165237865081 41309466275 19 150216241
RUNG 262973983561 65743495892 7 62
RUNG 480753465481 120188366372 7 314
RUNG 439061135881 109765283972 7 31
RUNG 477672028201 119418007054 15 5426
RUNG 531242905561 132810726391 3 127343
RUNG 23810260321 5952565082 7 103
RUNG 54847226281 13711806575 19 66875
RUNG 117768604801 29442151202 7 4436
RUNG 214716495841 53679123961 3 20021
RUNG 413605065721 103401266431 3 929
RUNG 425871600001 106467900002 7 236
RUNG 485660489161 121415122292 7 7159
RUNG 158725801441 39681450362 7 8746
RUNG 241361034121 60340258532 7 73
RUNG 398091688201 99522922056 23 37321095771
RUNG 231926809921 57981702483 11 14373
RUNG 335168268241 83792067063 11 3923
RUNG 506699628241 126674907061 3 281
RUNG 208539326041 52134831511 3 2087
RUNG 440033148601 110008287151 3 2243
RUNG 115083324409 28770831105 11 11307
RUNG 208335123049 52083780764 7 95182
RUNG 347663512249 86915878065 11 615
RUNG 379688825569 94922206394 7 6772
RUNG 203252486089 50813121524 7 734
RUNG 215408750209 53852187557 19 159299
RUNG 282939013009 70734753254 7 62
RUNG 417613593049 104403398263 3 2999
RUNG 161619376801 40404844205 19 2255
RUNG 291444111841 72861027962 7 194738
RUNG 473351077081 118337769271 3 3467
RUNG 29625996409 7406499105 11 813
RUNG 42588866329 10647216583 3 89
RUNG 174847716289 43711929074 7 19
RUNG 456489957169 114122489293 3 8291
RUNG 167006285161 41751571294 15 101
RUNG 84369010489 21092252624 7 1132
RUNG 267450148729 66862537184 7 34564
RUNG 379713339769 94928334945 11 57
RUNG 188809147081 47202286772 7 62
RUNG 346781361481 86695340372 7 356
RUNG 378334963561 94583740894 15 512756
RUNG 488192631481 122048157871 3 5393
RUNG 26620120921 6655030231 3 137
RUNG 151913569201 37978392301 3 89
RUNG 227426166361 56856541591 3 185189
RUNG 315389081401 78847270354 15 356
RUNG 349587125281 87396781321 3 389
RUNG 8954433721 2238608433 11 153
RUNG 62613118801 15653279703 11 153
RUNG 107319500521 26829875133 11 153
RUNG 144776640241 36194160061 3 170633
RUNG 193123979281 48280994823 11 153
RUNG 243729814561 60932453643 11 153
RUNG 52119078001 13029769503 11 701
RUNG 100488880969 25122220243 3 134291
RUNG 170357279569 42589319893 3 593
RUNG 238124419009 59531104753 3 197
RUNG 298519794049 74629948513 3 24473
RUNG 383621811049 95905452767 19 2364391
RUNG 436978274209 109244568553 3 6473
RUNG 81322295209 20330573806 15 86
RUNG 200066921209 50016730303 3 12893
RUNG 332229792049 83057448013 3 149
RUNG 369527652649 92381913164 7 19
RUNG 405310319569 101327579894 7 1244
RUNG 522474406609 130618601653 3 90059
RUNG 528435122329 132108780585 11 95
RUNG 190491797521 47622949384 15 10916
RUNG 352000825201 88000206301 3 8819
RUNG 476236496761 119059124196 23 31452
RUNG 138668907001 34667226753 11 3189
RUNG 140937613441 35234403361 3 15737
RUNG 294858421729 73714605433 3 113
RUNG 35688831649 8922207916 15 7556
RUNG 92657663569 23164415895 11 681
RUNG 114623887849 28655971968 23 241
RUNG 343718314801 85929578703 11 1107
RUNG 491039248561 122759812142 7 4772
RUNG 69958348849 17489587218 23 30006
RUNG 261952991689 65488247928 23 3438
RUNG 316534678849 79133669714 7 122
RUNG 383458455769 95864613944 7 6037
RUNG 200001583681 50000395921 3 33587
RUNG 330526739449 82631684865 11 255
RUNG 305575053001 76393763256 23 28647661221
RUNG 34249198369 8562299594 7 68
RUNG 172736267089 43184066773 3 72977
RUNG 246041419009 61510354753 3 196439
RUNG 282632733769 70658183444 7 68
RUNG 353097408049 88274352014 7 68
RUNG 488021117929 122005279483 3 809
RUNG 23017980049 5754495015 11 3585
RUNG 150639353929 37659838483 3 3881
RUNG 497749397209 124437349309 27 17
RUNG 414138069601 103534517402 7 31
RUNG 467641559641 116910389913 11 303
RUNG 471807321241 117951830312 7 31
RUNG 2575120321 643780085 19 13
RUNG 70607724961 17651931241 3 2447
RUNG 74849042041 18712260512 7 458
RUNG 99843611641 24960902912 7 388
RUNG 203936600641 50984150161 3 1361
RUNG 247707728041 61926932011 3 113
RUNG 423974578801 105993644705 19 70898759
RUNG 428215895881 107053973972 7 63521
RUNG 196605678361 49151419591 3 929
RUNG 263159846041 65789961512 7 68
RUNG 519339890161 129834972541 3 5153
RUNG 31949867401 7987466856 23 1446
RUNG 61961729281 15490432321 3 701
RUNG 79821411121 19955352782 7 2404
RUNG 127662324241 31915581063 11 22041
RUNG 159503853961 39875963492 7 59
RUNG 173054831401 43263707856 23 411
RUNG 356538251521 89134562881 3 2339
RUNG 31261701241 7815425312 7 1916
RUNG 466749193681 116687298421 3 16691
RUNG 484465932721 121116483185 19 627546545
RUNG 310782263089 77695565778 23 78453954
RUNG 318885077809 79721269453 3 1049
RUNG 441297207649 110324301913 3 317
RUNG 68884247881 17221061973 11 2287
RUNG 100388842009 25097210504 7 19
RUNG 506336183809 126584045953 3 15761
RUNG 39201156289 9800289076 15 776
RUNG 170030575009 42507643754 7 271
RUNG 369509294449 92377323614 7 82
RUNG 482391223609 120597805903 3 89
RUNG 77754874129 19438718536 15 4856
RUNG 105863554729 26465888685 11 22769
RUNG 426051342649 106512835663 3 173
RUNG 11155781641 2788945415 19 50341975
RUNG 69633681121 17408420282 7 2383
RUNG 424440173161 106110043296 23 333
RUNG 467139229561 116784807392 7 94
RUNG 467363853961 116840963492 7 458
RUNG 248350981321 62087745331 3 52583
RUNG 265040575801 66260143952 7 82
RUNG 93793059649 23448264914 7 76
RUNG 253072179649 63268044916 15 36116
RUNG 341659959001 85414989753 11 3321
RUNG 274523811241 68630952812 7 194
RUNG 310684255561 77671063893 11 3123
RUNG 441656617081 110414154272 7 124
RUNG 474417064801 118604266202 7 628
RUNG 141350131729 35337532933 3 617
RUNG 184388166769 46097041693 3 2399
RUNG 222102603529 55525650886 15 4556
RUNG 18380525521 4595131382 7 68
RUNG 414669018121 103667254532 7 68
RUNG 56964871681 14241217922 7 724
RUNG 260817640801 65204410202 7 6359
RUNG 406856173441 101714043361 3 2153
RUNG 498202748761 124550687192 7 4322
RUNG 620904769 155226193 3 101
RUNG 242598560689 60649640173 3 74093
RUNG 399114800569 99778700149 27 211825297945192608983
RUNG 433900951969 108475237994 7 17086
RUNG 58200307201 14550076801 3 89
RUNG 165924043321 41481010832 7 51938
RUNG 173297849761 43324462441 3 2267
RUNG 298354421401 74588605356 23 6914
RUNG 10669784449 2667446113 3 941
RUNG 20506291129 5126572785 11 255
RUNG 119869915489 29967478875 11 255
RUNG 130598793649 32649698413 3 233
RUNG 217469217289 54367304324 7 244
RUNG 375459810049 93864952514 7 62
RUNG 510069044809 127517261205 11 255
RUNG 56368598449 14092149614 7 39682
RUNG 145519980769 36379995194 7 3436
RUNG 254779330969 63694832744 7 62
RUNG 304419281329 76104820337 19 2329573
RUNG 31439374849 7859843715 11 171
RUNG 242994718849 60748679713 3 521
RUNG 356336107009 89084026756 15 761
RUNG 385382083969 96345520994 7 47
RUNG 507052953289 126763238323 3 5153
RUNG 170553351049 42638337764 7 20023
RUNG 180430698529 45107674636 15 31256
RUNG 290249567689 72562391924 7 101
RUNG 237350522161 59337630541 3 401
RUNG 508517097841 127129274463 11 11107197
RUNG 8642043001 2160510755 19 13
RUNG 51682120081 12920530025 19 954005
RUNG 217593786001 54398446504 15 536
RUNG 226999422841 56749855716 23 79
RUNG 447676559521 111919139881 3 11483
RUNG 7964086729 1991021685 11 57
RUNG 160794444409 40198611103 3 137
RUNG 220863093049 55215773265 11 18735
RUNG 379219210969 94804802743 3 3119
RUNG 177510584161 44377646042 7 16546
RUNG 184122709681 46030677422 7 124
RUNG 349425847681 87356461922 7 47
RUNG 460341292321 115085323084 15 13976
RUNG 318772785769 79693196445 11 153
RUNG 429859761769 107464940443 3 389
RUNG 109420803361 27355200844 15 2936
RUNG 134895252361 33723813092 7 53171
RUNG 504624973441 126156243363 11 1555927001477
RUNG 136592189449 34148047364 7 41
RUNG 152830491529 38207622884 7 62
RUNG 307568115121 76892028781 3 18251
RUNG 490316400841 122579100211 3 6563
RUNG 66478746889 16619686725 11 321
RUNG 102414566809 25603641703 3 101
RUNG 126300308689 31575077178 23 77075046
RUNG 256366004449 64091501113 3 21383
RUNG 317717054209 79429263556 15 181736
RUNG 416082121009 104020530253 3 1217
RUNG 194967990361 48741997593 11 1581
RUNG 293445369361 73361342341 3 389
RUNG 163645139641 40911284914 15 326
RUNG 392457763681 98114440921 3 10247
RUNG 434162346601 108540586652 7 18287
RUNG 513391456561 128347864142 7 31
RUNG 427452203929 106863050985 11 136351
RUNG 100927965961 25231991493 11 21977
RUNG 142089366241 35522341565 19 113
RUNG 428540611321 107135152831 3 61637
RUNG 529842131641 132460532912 7 40246
RUNG 24708823129 6177205783 3 9623
RUNG 169575224809 42393806205 11 14187
RUNG 359262362449 89815590614 7 59
RUNG 492066433849 123016608463 3 53891
RUNG 533726091889 133431522973 3 149
RUNG 478221402961 119555350741 3 197
RUNG 229068019489 57267004876 15 2186
RUNG 229249761049 57312440263 3 25997
RUNG 251101631089 62775407774 7 124
RUNG 428887759609 107221939905 11 19
RUNG 468529882129 117132470535 11 305
RUNG 211741312561 52935328142 7 349
RUNG 71263255561 17815813891 3 509
RUNG 350448922321 87612230581 3 233
RUNG 139573578169 34893394543 3 1889
RUNG 335809538089 83952384527 19 5338012889
RUNG 368357613649 92089403413 3 5099
RUNG 74197669561 18549417393 11 117
RUNG 154860291601 38715072901 3 137
RUNG 158446113841 39611528461 3 178301
RUNG 328966664041 82241666012 7 1636
RUNG 87070691569 21767672899 27 52864348469
RUNG 212284500289 53071125079 27 17
RUNG 226139741689 56534935424 7 82
RUNG 234463096849 58615774216 15 3656
RUNG 167469890641 41867472667 27 1979
RUNG 269173692841 67293423216 23 1332
RUNG 488672572441 122168143111 3 401
RUNG 523170796201 130792699051 3 2621
RUNG 218130862681 54532715673 11 662917869292879
RUNG 349231872721 87307968184 15 108956
RUNG 420184594561 105046148641 3 149
RUNG 428732574481 107183143622 7 124
RUNG 361081832281 90270458073 11 37567
RUNG 407485149241 101871287314 15 18866
RUNG 107254218289 26813554576 15 41
RUNG 195752147809 48938036954 7 964
RUNG 231534814729 57883703683 3 257
RUNG 249782484169 62445621043 3 449
RUNG 443578206289 110894551574 7 19
RUNG 250205188249 62551297065 11 2477
RUNG 310837439929 77709359985 11 57
RUNG 182497268209 45624317054 7 12113
RUNG 205476344329 51369086083 3 149
RUNG 359648322289 89912080574 7 122
RUNG 190546990321 47636747583 11 82359
RUNG 98879815609 24719953905 11 369
RUNG 228322689169 57080672297 19 451398294618207211
RUNG 323344936489 80836234128 23 12016
RUNG 372196659409 93049164853 3 701
RUNG 533930311489 133482577874 7 103
RUNG 17774071561 4443517895 19 725
RUNG 95859639121 23964909788 31 40532
RUNG 253760382121 63440095533 11 3593
RUNG 373746568441 93436642113 11 83500127
RUNG 503365057441 125841264361 3 281
RUNG 522594948121 130648737033 11 9819
RUNG 43226059969 10806514996 15 146
RUNG 115700101609 28925025405 11 5595
RUNG 167561791489 41890447874 7 14236
RUNG 260368425409 65092106353 3 941
RUNG 270997243609 67749310907 19 127
RUNG 406535606569 101633901644 7 292
RUNG 90380848009 22595212007 19 5587236231419
RUNG 416337398929 104084349733 3 1217
RUNG 509523852289 127380963074 7 241
RUNG 209303131801 52325782952 7 282028
RUNG 434478882601 108619720654 15 44276
RUNG 65047301089 16261825274 7 4261
RUNG 339648588049 84912147016 15 41
RUNG 446490162889 111622540723 3 677
RUNG 124331807161 31082951793 11 180353
RUNG 188509040281 47127260073 11 73389
RUNG 374232578281 93558144573 11 459
RUNG 381065244121 95266311033 11 2043
RUNG 146349082609 36587270653 3 8819
RUNG 272530819201 68132704801 3 89
RUNG 518280123001 129570030753 11 263890083
RUNG 14006517001 3501629252 7 292
RUNG 219795140041 54948785012 7 124
RUNG 92482115881 23120528972 7 68
RUNG 206842482001 51710620502 7 68
RUNG 352772786521 88193196632 7 68
RUNG 15642193009 3910548253 3 2447
RUNG 261085190809 65271297704 7 2708
RUNG 527744984209 131936246055 11 28617
RUNG 139861528921 34965382231 3 18593
RUNG 179089117321 44772279333 11 193233
RUNG 78320569681 19580142422 7 346
RUNG 94168842121 23542210534 15 1441301
RUNG 277047818401 69261954601 3 89
RUNG 72733548889 18183387223 3 509
RUNG 142048554649 35512138665 11 14517
RUNG 150482179849 37620544963 3 269
RUNG 162299465329 40574866334 7 271
RUNG 463404389449 115851097366 15 754730276
RUNG 122312238409 30578059604 7 829
RUNG 132058895329 33014723833 3 461
RUNG 149591850769 37397962694 7 38
RUNG 263400866089 65850216524 7 479
RUNG 486097580329 121524395083 3 149
RUNG 49819819009 12454954753 3 7013
RUNG 142181288209 35545322056 15 1706
RUNG 281607695329 70401923835 11 535
RUNG 259265736409 64816434103 3 521
RUNG 306851394529 76712848636 15 36836
RUNG 338298810529 84574702634 7 124
RUNG 480512602249 120128150566 15 3881
RUNG 148595338609 37148834658 23 454
RUNG 376425742081 94106435525 19 179125
RUNG 69586770289 17396692574 7 2588
RUNG 91834796089 22958699024 7 72532
RUNG 112349129929 28087282484 7 1132
RUNG 170518681369 42629670344 7 404
RUNG 239088342529 59772085638 23 444
RUNG 452071072489 113017768126 15 3716
RUNG 532398799969 133099699995 11 61
RUNG 53375016601 13343754153 11 268666191
RUNG 57113991841 14278497964 15 75566
RUNG 211263507361 52815876843 11 2447135627059
RUNG 360773508001 90193377002 7 626
RUNG 389517263041 97379315763 11 12531
RUNG 486751039681 121687759925 19 2195
RUNG 489589475281 122397368823 11 4941
RUNG 84226157401 21056539353 11 4287
RUNG 301962756481 75490689122 7 10694
RUNG 336773412361 84193353092 7 292
RUNG 530058624481 132514656125 19 1656433201503125
RUNG 43005538489 10751384627 19 2623337847829
RUNG 144006878929 36001719735 11 151
RUNG 200669404849 50167351214 7 38
RUNG 355631652289 88907913074 7 38
RUNG 431252477569 107813119395 11 19
RUNG 469989976681 117497494175 19 4699899767
RUNG 610747201 152686801 3 953
RUNG 68518790209 17129697554 7 244
RUNG 72159747529 18039936887 19 5243
RUNG 99604765129 24901191285 11 19
RUNG 163181638489 40795409626 15 4586
RUNG 279549329929 69887332484 7 3499
RUNG 418593875569 104648468894 7 524
RUNG 478580842609 119645210653 3 2663
RUNG 203881539481 50970384872 7 34324
RUNG 369919811881 92479952973 11 129609
RUNG 172636288969 43159072244 7 178
RUNG 278832579481 69708144871 3 202127
RUNG 82004428081 20501107021 3 13457
RUNG 306410329801 76602582453 11 359
RUNG 405014315281 101253578824 15 71
RUNG 289788124441 72447031113 11 181653
RUNG 456677927521 114169481882 7 5323
RUNG 49866802969 12466700744 7 94
RUNG 56052142129 14013035533 3 2237
RUNG 255616627249 63904156814 7 120676
RUNG 315568879921 78892219982 7 89
RUNG 48182120809 12045530204 7 178
RUNG 93566459809 23391614954 7 164
RUNG 118900008049 29725002013 3 1097
RUNG 130065882769 32516470694 7 94
RUNG 49703441089 12425860273 3 42743
RUNG 288752811649 72188202913 3 857
RUNG 300198445849 75049611467 19 1447
RUNG 309767445289 77441861324 7 922
RUNG 371459515729 92864878933 3 15383
RUNG 462846931849 115711732967 19 1611170169766369
RUNG 366246188281 91561547071 3 101
RUNG 519431860921 129857965232 7 103
RUNG 57669440761 14417360192 7 797
RUNG 67853094241 16963273565 19 24835
RUNG 284203148161 71050787042 7 1301
RUNG 314827622041 78706905512 7 398
RUNG 445628452201 111407113054 15 2531
RUNG 75520955449 18880238864 7 21734
RUNG 238175567569 59543891896 15 86
RUNG 262702510009 65675627506 15 21926
RUNG 275467302049 68866825518 23 22734
RUNG 463404411409 115851102854 7 76
RUNG 68047089289 17011772325 11 787
RUNG 263549956849 65887489214 7 122
RUNG 482909977729 120727494435 11 369
RUNG 510499980169 127624995044 7 31
RUNG 55169985649 13792496413 3 6353
RUNG 78049001809 19512250454 7 62
RUNG 182989437409 45747359354 7 1511
RUNG 214551207649 53637801913 3 18143
RUNG 377391645409 94347911355 11 285
RUNG 479703975529 119925993883 3 3821
RUNG 504175782889 126043945726 15 1076
RUNG 63717966841 15929491715 19 1475
RUNG 335115293041 83778823262 7 227
RUNG 164780569321 41195142331 3 18329
RUNG 300173947441 75043486864 15 3446
RUNG 454051871641 113512967911 3 52937
RUNG 258346842961 64586710742 7 31
RUNG 344245255561 86061313891 3 42491
RUNG 347175582961 86793895741 3 929
RUNG 448834460281 112208615073 11 153
RUNG 486879707521 121719926883 11 153
RUNG 147896984281 36974246071 3 10181
RUNG 349450416361 87362604094 15 1180575731
RUNG 357332690761 89333172691 3 80273
RUNG 414524105041 103631026262 7 1396
RUNG 99639496009 24909874003 3 173
RUNG 375116818129 93779204536 15 626
RUNG 61081697161 15270424292 7 62
RUNG 239437554841 59859388711 3 82787
RUNG 63965058481 15991264621 3 233
RUNG 156724725481 39181181373 11 11013
RUNG 325470742921 81367685732 7 188
RUNG 335809591441 83952397863 11 63747
RUNG 379168226761 94792056693 11 420053427
RUNG 126782297041 31695574263 11 5683
RUNG 151744194001 37936048504 15 356
RUNG 32207257681 8051814424 15 431
RUNG 97037943601 24259485901 3 593
RUNG 298262607241 74565651811 3 257
RUNG 61551373129 15387843283 3 173
RUNG 267960776329 66990194084 7 68
RUNG 303022603129 75755650783 3 26141
RUNG 343013914489 85753478624 7 68
RUNG 370301695009 92575423753 3 1823
RUNG 420562425529 105140606384 7 68
RUNG 507349125529 126837281384 7 68
RUNG 524679919009 131169979753 3 113
RUNG 44371691809 11092922954 7 227
RUNG 106180158529 26545039634 7 59
RUNG 290647841929 72661960483 3 197
RUNG 411077150929 102769287734 7 31
RUNG 144776756881 36194189223 11 1473
RUNG 279359445121 69839861281 3 257
RUNG 128444521321 32111130333 11 227738513
RUNG 179499605401 44874901351 3 317
RUNG 433664156041 108416039011 3 1409
RUNG 474210902281 118552725572 7 164
RUNG 122745190801 30686297703 11 109
RUNG 189515814721 47378953683 11 461
RUNG 366456538681 91614134673 11 3393116099
RUNG 391404141361 97851035343 11 12429
RUNG 60146455009 15036613753 3 17393
RUNG 281570978329 70392744584 7 49094
RUNG 378906856969 94726714244 7 1186
RUNG 386783005249 96695751313 3 10589
RUNG 445450814449 111362703617 19 107
RUNG 295034150161 73758537541 3 3413
RUNG 441089019121 110272254782 7 36497
RUNG 458938490761 114734622693 11 5847
RUNG 972223561 243055892 7 7796
RUNG 66699365041 16674841263 11 17707
RUNG 142977727201 35744431802 7 1181
RUNG 408967731481 102241932874 15 2711
RUNG 481831802761 120457950693 11 2439
RUNG 47916681289 11979170325 11 3681
RUNG 63891560209 15972890063 43 248346494532383
RUNG 102778127929 25694531983 3 557
RUNG 130884766489 32721191626 15 941
RUNG 272422642969 68105660743 3 26111
RUNG 340943295169 85235823802 39 2726
RUNG 482807898049 120701974513 3 701
RUNG 515061919849 128765479963 3 1031
RUNG 527297823529 131824455891 35 728311911
RUNG 85708715689 21427178924 7 181
RUNG 182920029889 45730007476 15 41
RUNG 277780956049 69445239016 15 20396
RUNG 304989097009 76247274253 3 281
RUNG 369156121489 92289030373 3 11597
RUNG 491102666209 122775666553 3 257
RUNG 197377674841 49344418712 7 262
RUNG 32395138801 8098784704 15 131
RUNG 109455602281 27363900571 3 509
RUNG 276731350921 69182837731 3 2153
RUNG 408706354081 102176588522 7 542
RUNG 87301510921 21825377733 11 153
RUNG 303014448361 75753612093 11 153
RUNG 89480368849 22370092214 7 6212
RUNG 124148081929 31037020488 23 412
RUNG 288042212329 72010553084 7 8543
RUNG 292101787849 73025446963 3 5279
RUNG 292875721009 73218930256 15 7976
RUNG 299663461969 74915865493 3 113
RUNG 422238955009 105559738753 3 3449
RUNG 453333098089 113333274523 3 137
RUNG 213070756201 53267689051 3 34487
RUNG 226409361481 56602340371 3 113
RUNG 347432904121 86858226034 15 2565671
RUNG 404099514121 101024878531 3 149
RUNG 80309567809 20077391953 3 149
RUNG 107374765969 26843691495 11 39687
RUNG 198557978089 49639494525 11 285
RUNG 332058385129 83014596283 3 170669
RUNG 253472519161 63368129793 11 1503
RUNG 11876726761 2969181695 19 37955
RUNG 501923443921 125480860982 7 458
RUNG 50977709689 12744427425 11 1773
RUNG 378284049049 94571012267 19 46342553
RUNG 30091725049 7522931266 15 8966
RUNG 109030865329 27257716333 3 13007
RUNG 134605374289 33651343574 7 19
RUNG 273304816009 68326204005 11 915
RUNG 109316751889 27329187973 3 113
RUNG 288419996209 72104999057 19 13
RUNG 61639202641 15409800661 3 41621
RUNG 155548538161 38887134542 7 19004
RUNG 251555048761 62888762192 7 5102
RUNG 355364194201 88841048552 7 244
RUNG 422341064161 105585266041 3 206399
RUNG 511682356201 127920589052 7 3163
RUNG 512750343121 128187585783 11 14731
RUNG 57142630609 14285657653 3 149
RUNG 81722666089 20430666528 23 1422
RUNG 196393423249 49098355816 15 2036
RUNG 205684705249 51421176314 7 356
RUNG 446298278449 111574569614 7 622
RUNG 159079226881 39769806725 19 4345
RUNG 227175134761 56793783691 3 173
RUNG 386695215481 96673803875 19 92257
RUNG 167970271561 41992567893 11 1107
RUNG 312616132921 78154033236 23 134
RUNG 400374843961 100093710993 11 9819
RUNG 436964116681 109241029171 3 92369
RUNG 8664605161 2166151294 15 6898571
RUNG 74275350361 18568837597 27 872735367059
RUNG 73080757201 18270189303 11 111933
RUNG 288785526481 72196381622 7 94
RUNG 366913976881 91728494221 3 4481
RUNG 391710468601 97927617152 7 31
RUNG 484707012241 121176753066 23 102
RUNG 19932582289 4983145575 11 909
RUNG 189830310289 47457577573 3 197
RUNG 251391690169 62847922547 19 255809
RUNG 262116484249 65529121065 11 5067
RUNG 315771085249 78942771313 3 4451
RUNG 15826041001 3956510255 19 6025
RUNG 29754795841 7438698962 7 82
RUNG 298842574801 74710643701 3 2153
RUNG 333067165201 83266791303 11 4419
RUNG 356713988401 89178497102 7 1811
RUNG 355991106769 88997776695 11 85
RUNG 359195067529 89798766883 3 72551
RUNG 443255644129 110813911035 11 85
RUNG 158484998401 39621249601 3 9839
RUNG 236521557001 59130389251 3 3083
RUNG 276051367321 69012841833 11 117
RUNG 297598973401 74399743352 7 2764
RUNG 450533475121 112633368783 11 117
RUNG 90364586761 22591146692 7 3533
RUNG 199401354601 49850338653 11 25299
RUNG 299916689521 74979172382 7 82
RUNG 417164500201 104291125051 3 257
RUNG 515999236201 128999809060 39 103199847248
RUNG 140451744721 35112936183 11 15003
RUNG 183520410361 45880102591 3 113
RUNG 239437591849 59859397963 3 1913
RUNG 459065119969 114766279994 7 19
RUNG 466845292369 116711323099 27 237269
RUNG 520087401289 130021850325 11 7251
RUNG 428430436009 107107609006 15 7226
RUNG 438085201129 109521300291 35 111
RUNG 475425944569 118856486143 3 113
RUNG 199527965569 49881991397 19 502811
RUNG 250536082729 62634020685 11 857
RUNG 259835532889 64958883223 3 5273
RUNG 348319168129 87079792036 15 521
RUNG 51118626001 12779656502 7 314
RUNG 246035428081 61508857021 3 117497
RUNG 491331399001 122832849751 3 57131
RUNG 372809357209 93202339303 3 6143
RUNG 439424786089 109856196524 7 2932
RUNG 112065353929 28016338487 19 34257193
RUNG 175866851689 43966712923 3 4013
RUNG 514602488929 128650622234 7 122
RUNG 425977953241 106494488315 19 145
RUNG 35158044769 8789511194 7 236
RUNG 41206567249 10301641814 7 61
RUNG 273029158249 68257289567 19 2206894686126667
RUNG 102226806889 25556701724 7 59
RUNG 152677447129 38169361784 7 206
RUNG 199174697929 49793674484 7 31
RUNG 527877792649 131969448166 15 370796
RUNG 161405126401 40351281601 3 1217
RUNG 282005966761 70501491693 11 186019767
RUNG 358809133201 89702283301 3 353
RUNG 136443230281 34110807571 3 50051
RUNG 516499546921 129124886733 11 3357
RUNG 526764882121 131691220533 11 19791
RUNG 528692567881 132173141972 7 4549
RUNG 69866600521 17466650131 3 401
RUNG 257476983481 64369245873 11 831
RUNG 29103399649 7275849914 7 41
RUNG 91977811249 22994452817 19 28127642480245441
RUNG 312495668809 78123917204 7 76
RUNG 69552128881 17388032223 11 139
RUNG 101381406361 25345351599 35 68841
RUNG 198508996921 49627249231 3 617
RUNG 430703239201 107675809804 15 16931
RUNG 119743431721 29935857931 3 10391
RUNG 162283209001 40570802252 7 206
RUNG 208492533001 52123133252 7 73
RUNG 364800484801 91200121203 11 143321301
RUNG 32999616049 8249904017 19 9668887502357
RUNG 439857707689 109964426930 31 321700
RUNG 316736990161 79184247541 3 31379
RUNG 124499346409 31124836604 7 6772
RUNG 245269676089 61317419028 23 86316
RUNG 269324907289 67331226827 19 153374093
RUNG 282749278249 70687319563 3 881
RUNG 396015110929 99003777733 3 89
RUNG 436480175569 109120043893 3 1889
RUNG 17012488249 4253122067 19 8647
RUNG 225657925249 56414481315 11 5345
RUNG 261934765849 65483691464 7 124
RUNG 396029406529 99007351633 3 197
RUNG 437450145889 109362536474 7 292
RUNG 86278486009 21569621504 7 97
RUNG 131481083449 32870270863 3 1523
RUNG 235182000769 58795500193 3 113
RUNG 372676638049 93169159513 3 34673
RUNG 420248001889 105062000473 3 317
RUNG 508731637129 127182909284 7 21916
RUNG 55337496601 13834374151 3 21803
RUNG 137946182761 34486545694 15 131
RUNG 138495491521 34623872883 11 59253633
RUNG 154854273961 38713568492 7 461
RUNG 294372572881 73593143222 7 62
RUNG 350585850001 87646462501 3 4409
RUNG 64430700889 16107675224 7 706
RUNG 97470908089 24367727023 3 76379
RUNG 106361950249 26590487565 11 71667
RUNG 222603035209 55650758805 11 4215
RUNG 305995864729 76498966183 3 50273
RUNG 14868348889 3717087223 3 773
RUNG 270652237249 67663059317 19 16398781
RUNG 360720495529 90180123884 7 118
RUNG 460237272889 115059318223 3 23753
RUNG 468336003529 117084000883 3 320591
RUNG 8858625889 2214656480 31 292
RUNG 75849790129 18962447535 11 699
RUNG 319832729329 79958182334 7 19
RUNG 109578165841 27394541461 3 12239
RUNG 200150808001 50037702005 19 88607
RUNG 278763221881 69690805473 11 107
RUNG 321933989521 80483497384 15 251
RUNG 254767211521 63691802884 15 23186
RUNG 434895559921 108723889983 11 3146219
RUNG 200087506609 50021876654 7 26267
RUNG 239835815209 59958953804 7 346
RUNG 323741196769 80935299193 3 1511
RUNG 385690564249 96422641064 7 367
RUNG 484796891569 121199222893 3 28307
RUNG 526532105089 131633026273 3 7691
RUNG 198227208481 49556802124 15 6056
RUNG 243740196001 60935049002 7 124
RUNG 262136934361 65534233594 15 9836
RUNG 497367690121 124341922533 11 849
RUNG 196360784929 49090196234 7 68
RUNG 484864280209 121216070054 7 68
RUNG 20289970801 5072492702 7 734
RUNG 7406741521 1851685382 7 59
RUNG 25186783801 6296695958 31 43267
RUNG 39638300881 9909575222 7 94
RUNG 154519387201 38629846802 7 1291
RUNG 286608744601 71652186152 7 1669
RUNG 514602510601 128650627659 35 222194521
RUNG 346838718241 86709679561 3 113
RUNG 374530822681 93632705671 3 5813
RUNG 93680893849 23420223466 15 1046
RUNG 109968204889 27492051223 3 1109
RUNG 280139566249 70034891564 7 5036
RUNG 57906397201 14476599304 15 2036
RUNG 301499306761 75374826694 15 3011
RUNG 319512141601 79878035401 3 1031
RUNG 366344286961 91586071741 3 677
RUNG 219774826441 54943706612 7 130346
RUNG 279120592921 69780148233 11 167
RUNG 399114947401 99778736851 3 5807
RUNG 93860598049 23465149513 3 101
RUNG 105428754649 26357188663 3 953
RUNG 522938126929 130734531734 7 9644
RUNG 127407231361 31851807842 7 164
RUNG 176710245121 44177561281 3 593
RUNG 52576676161 13144169042 7 3898
RUNG 327278023081 81819505773 11 2243
RUNG 484035223681 121008805923 11 510585679
RUNG 41082033721 10270508432 7 47
RUNG 268636761121 67159190284 15 146
RUNG 450870452761 112717613192 7 271
RUNG 316502179249 79125544813 3 1097
RUNG 359548382449 89887095615 11 15285
RUNG 416172109609 104043027405 11 24789
RUNG 435853291129 108963322786 15 386
RUNG 275577656041 68894414011 3 101
RUNG 73317679681 18329419922 7 2609
RUNG 334102524001 83525631004 15 356
RUNG 467723411401 116930852857 27 18599
RUNG 483512464681 120878116172 7 1412
RUNG 78300257809 19575064457 19 13
RUNG 174582443809 43645610954 7 31
RUNG 100924020409 25231005103 3 113
RUNG 378086025529 94521506383 3 317
RUNG 381722898769 95430724694 7 62
RUNG 435685847809 108921461954 7 853
RUNG 530812239169 132703059793 3 113
RUNG 17433175321 4358293832 7 188
RUNG 176941003801 44235250954 15 71606
RUNG 358570251601 89642562902 7 1042
RUNG 477657940321 119414485083 11 239
RUNG 220910209129 55227552284 7 103
RUNG 233137944649 58284486163 3 89
RUNG 28380551929 7095137983 3 3137
RUNG 84340616089 21085154024 7 5116
RUNG 150310760329 37577690085 11 117
RUNG 344367863569 86091965895 11 117
RUNG 233546358049 58386589514 7 94
RUNG 344106487729 86026621936 15 1721
RUNG 52895248561 13223812148 31 14254092576262828
RUNG 188092590841 47023147716 23 35267360787
RUNG 213781455001 53445363752 7 62
RUNG 166955436001 41738859002 7 79642
RUNG 291021618241 72755404563 11 13749
RUNG 401634840961 100408710241 3 113
RUNG 412243238761 103060809691 3 44531
RUNG 120572540449 30143135113 3 401
RUNG 232729545409 58182386354 7 164
RUNG 460947935809 115236983954 7 3727
RUNG 463672017169 115918004295 11 153
RUNG 51226904401 12806726102 7 9364
RUNG 208290411001 52072602753 11 24526195896663
RUNG 449630950609 112407737654 7 68
RUNG 463559705449 115889926364 7 68
RUNG 515799172729 128949793183 3 5147
RUNG 115318374649 28829593664 7 1252
RUNG 142861410169 35715352544 7 356
RUNG 229566428569 57391607148 23 8452
RUNG 353765343409 88441335855 11 827
RUNG 484474281769 121118570446 15 356
RUNG 492695534809 123173883703 3 101
RUNG 122700350161 30675087541 3 10007
RUNG 230926428121 57731607033 11 976301
RUNG 248310314641 62077578662 7 94
RUNG 373883522401 93470880602 7 9551
RUNG 457010886721 114252721681 3 14747
RUNG 171407090089 42851772524 7 3797
RUNG 385907055769 96476763943 3 8867
RUNG 497306463889 124326615974 7 14108
RUNG 42401213761 10600303442 7 5498
RUNG 255292051921 63823012981 3 149
RUNG 329340506401 82335126602 7 409
RUNG 405214544641 101303636167 27 331169
RUNG 9679565809 2419891454 7 73
RUNG 144431743369 36107935844 7 31
RUNG 441650665369 110412666344 7 1942
RUNG 24212764801 6053191206 23 2826
RUNG 28954381681 7238595421 3 60953
RUNG 160130947201 40032736806 23 15507
RUNG 421019935561 105254983892 7 1076
RUNG 26495766049 6623941513 3 4973
RUNG 267583092529 66895773134 7 94
RUNG 312895960129 78223990036 15 41
RUNG 58729368289 14682342074 7 38
RUNG 87997927609 21999481903 3 1193
RUNG 98146866409 24536716606 15 866
RUNG 193469293609 48367323407 19 13
RUNG 409461990529 102365497635 11 5851
RUNG 535294537681 133823634423 11 1438963811
RUNG 110597184889 27649296227 19 16219
RUNG 503863458289 125965864574 7 76
RUNG 11407134649 2851783665 11 10515
RUNG 82464003241 20616000812 7 262
RUNG 184278075601 46069518903 11 5507
RUNG 372051821761 93012955441 3 17489
RUNG 100599361801 25149840455 19 145344811775
RUNG 220434437161 55108609291 3 69317
RUNG 287137673761 71784418441 3 1619
RUNG 429349423441 107337355862 7 229
RUNG 517312338481 129328084622 7 1706
RUNG 390399552841 97599888211 3 21683
RUNG 435602150281 108900537571 3 5387
RUNG 505934091961 126483522993 11 483051
RUNG 330067483201 82516870802 7 124
RUNG 337441289641 84360322413 11 409
RUNG 59893339321 14973334836 23 237
RUNG 117244032721 29311008183 11 25299
RUNG 9228288169 2307072044 7 118
RUNG 29536376809 7384094206 15 28031
RUNG 209885265529 52471316384 7 202
RUNG 219043814929 54760953736 15 86
RUNG 395453608489 98863402123 3 249131
RUNG 432369607609 108092401908 23 327
RUNG 36816250249 9204062564 7 62
RUNG 102776184289 25694046074 7 412
RUNG 134115372169 33528843043 3 101
RUNG 373078977049 93269744265 11 153
RUNG 127974958609 31993739662 39 15052932022938704033
RUNG 136171707169 34042926795 11 985
RUNG 254168946529 63542236636 15 281
RUNG 266776501489 66694125374 7 12073
RUNG 303373942369 75843485597 19 781
RUNG 522511380889 130627845223 3 2741
RUNG 160304538241 40076134561 3 173
RUNG 244361030761 61090257692 7 8314
RUNG 226127656561 56531914141 3 461
RUNG 359419775521 89854943881 3 6029
RUNG 532084467721 133021116931 3 71129
RUNG 492636339241 123159084811 3 149
RUNG 507747435241 126936858811 3 7331
RUNG 344073846169 86018461546 15 14963636
RUNG 263474527801 65868631951 3 149729
RUNG 461186882641 115296720662 7 99854
RUNG 485368720321 121342180085 19 905
RUNG 6706376329 1676594084 7 4262
RUNG 203073026809 50768256705 11 301935
RUNG 10308535441 2577133863 11 286348207
RUNG 108669518161 27167379542 7 124
RUNG 284572885801 71143221453 11 79
RUNG 299226564841 74806641213 11 302864835718488397
RUNG 302207943241 75551985813 11 519
RUNG 502137953521 125534488382 7 2707
RUNG 22258553641 5564638411 3 5231
RUNG 512662627801 128165656953 11 123
RUNG 81336814441 20334203612 7 124
RUNG 199364684401 49841171105 19 307175
RUNG 293414920681 73353730173 11 1557
RUNG 325568882521 81392220631 3 2687
RUNG 419655875521 104913968883 11 735741
RUNG 421022000281 105255500071 3 7103
RUNG 444315550561 111078887642 7 82
RUNG 40561360009 10140340003 3 1289
RUNG 92504731489 23126182873 3 1709
RUNG 426214908289 106553727075 11 321
RUNG 3528965449 882241363 3 101
RUNG 213467013769 53366753447 19 7669
RUNG 288616127809 72154031956 15 101
RUNG 518919441049 129729860266 15 941
RUNG 3978214321 994553581 3 317
RUNG 268279451521 67069862885 19 7989263
RUNG 321570570721 80392642681 3 41543
RUNG 507042937801 126760734454 15 123236
RUNG 290276308921 72569077233 11 7608537
RUNG 426954130201 106738532552 7 7577
RUNG 492466857481 123116714372 7 164
RUNG 511829480761 127957370193 11 1377
RUNG 19561024729 4890256184 7 509
RUNG 244089448849 61022362213 3 641
RUNG 364774012849 91193503216 15 4376
RUNG 399837881689 99959470424 7 82
RUNG 438148594129 109537148537 19 86874290219
RUNG 469014028729 117253507184 7 47
RUNG 383981441281 95995360321 3 197
RUNG 28995250729 7248812685 11 188289
RUNG 43849049689 10962262430 31 668
RUNG 167225022409 41806255604 7 9572
RUNG 307709206249 76927301564 7 73118
RUNG 330710744809 82677686203 3 38669
RUNG 103182564241 25795641062 7 59729
RUNG 115487897281 28871974321 3 1187
RUNG 247969326361 61992331592 7 124
RUNG 353459070721 88364767682 7 8678
RUNG 101046591361 25261647844 15 821
RUNG 201053458321 50263364581 3 1031
RUNG 402222986881 100555746721 3 32969
RUNG 56679188329 14169797083 3 23627
RUNG 176757266449 44189316614 7 19
RUNG 408514512169 102128628044 7 61
RUNG 266351773801 66587943457 27 11039
RUNG 2503869601 625967403 11 31828851
RUNG 340338967201 85084741801 3 401
RUNG 341813320081 85453330023 11 20789
RUNG 199454543929 49863635983 3 18911
RUNG 145201627201 36300406801 3 137
RUNG 212188707361 53047176841 3 11483
RUNG 309961582561 77490395642 7 124
RUNG 395717052361 98929263093 11 36021
RUNG 112627005481 28156751371 3 7109
RUNG 137049803881 34262450971 3 137
RUNG 295538654401 73884663605 19 871415
RUNG 390342403441 97585600862 7 2306
RUNG 129153236809 32288309204 7 27362
RUNG 170784306289 42696076573 3 281
RUNG 208210815409 52052703854 7 244
RUNG 232041422209 58010355555 11 155535
RUNG 371320804201 92830201053 11 405372057
RUNG 460063778521 115015944636 23 3492
RUNG 189577203841 47394300961 3 233
RUNG 250162488601 62540622151 3 10733
RUNG 176553073321 44138268333 11 7479
RUNG 391126552441 97781638111 3 51827
RUNG 95177780569 23794445143 3 113
RUNG 228304494289 57076123575 11 369
RUNG 160255553761 40063888442 7 1049
RUNG 17126928289 4281732074 7 1889
RUNG 52542028009 13135507004 7 706
RUNG 381200197849 95300049463 3 137
RUNG 499863142249 124965785563 3 60101
RUNG 519679098409 129919774607 19 3332729
RUNG 499366926601 124841731651 3 773
RUNG 512934240361 128233560091 3 233
RUNG 365865889 91466474 7 2614
RUNG 314521467649 78630366917 19 721379513
RUNG 317343566929 79335891734 7 31
RUNG 104710028329 26177507083 3 149
RUNG 304256135089 76064033776 15 41
RUNG 342628108729 85657027185 11 123
RUNG 373130060209 93282515053 3 317
RUNG 422498419249 105624604814 7 766
RUNG 32918028361 8229507092 7 11212
RUNG 424532291401 106133072853 11 13054367960919
RUNG 244011872329 61002968083 3 101
RUNG 417934461169 104483615296 15 206
RUNG 15407537161 3851884291 3 2423
RUNG 271801995481 67950498873 11 11991264507
RUNG 29965240561 7491310142 7 21668
RUNG 217665473281 54416368324 15 101
RUNG 251704238041 62926059511 3 137
RUNG 119181969481 29795492375 19 1133
RUNG 220085292001 55021323001 3 19163
RUNG 80946815401 20236703853 11 10139
RUNG 382458105481 95614526372 7 122
RUNG 310631392009 77657848004 7 362
RUNG 313682199769 78420549944 7 313
RUNG 354284081089 88571020273 3 7151
RUNG 450266087209 112566521804 7 292
RUNG 531077778169 132769444548 23 3809
RUNG 67816500049 16954125013 3 641
RUNG 268577620609 67144405156 15 146
RUNG 51467928121 12866982032 7 68
RUNG 265684050241 66421012562 7 68
RUNG 410636217601 102659054402 7 68
RUNG 64647255961 16161813993 11 923
RUNG 156216413809 39054103454 7 35852
RUNG 8411517409 2102879355 11 3365
RUNG 170688352129 42672088035 11 615
RUNG 185858667289 46464666831 35 15741
RUNG 240328042249 60082010565 11 1627
RUNG 375507006169 93876751544 7 131
RUNG 424277047489 106069261873 3 7607
RUNG 424995845569 106248961394 7 131
RUNG 154654256761 38663564194 15 1466
RUNG 412510817161 103127704291 3 293
RUNG 532474541041 133118635261 3 197
RUNG 247160713801 61790178452 7 89
RUNG 438175177441 109543794362 7 54724
RUNG 489996026881 122499006722 7 31
RUNG 504243339961 126060834991 3 353
RUNG 367314347929 91828586983 3 3167
RUNG 404434551049 101108637764 7 94
RUNG 176283548281 44070887072 7 5563
RUNG 400885485841 100221371463 11 272167837769687
RUNG 404175212401 101043803102 7 1084
RUNG 445918594081 111479648523 11 50937
RUNG 51010520929 12752630234 7 11777
RUNG 284728125049 71182031264 7 164
RUNG 362601320449 90650330114 7 38
RUNG 125888043961 31472010996 23 2466
RUNG 165258575161 41314643791 3 137
RUNG 204604601881 51151150471 3 1823
RUNG 253995423361 63498855841 3 22721
RUNG 481791111481 120447777872 7 138766
RUNG 525978815041 131494703763 11 11241
RUNG 119527089529 29881772384 7 173
RUNG 189205578409 47301394603 3 4229
RUNG 300449791489 75112447873 3 569
RUNG 349889621929 87472405484 7 271
RUNG 481952432809 120488108205 11 11085
RUNG 427891466809 106972866704 7 461
RUNG 73303473961 18325868491 3 2213
RUNG 231686138401 57921534603 11 347
RUNG 291299412121 72824853035 19 37147
RUNG 88147064329 22036766084 7 146
RUNG 150635530369 37658882595 11 11805
RUNG 284423865049 71105966263 3 1361
RUNG 10451527249 2612881817 19 13
RUNG 51312747649 12828186917 19 4901
RUNG 265594215049 66398553766 15 2921
RUNG 344153535889 86038383977 19 8771
RUNG 22450556209 5612639053 3 24593
RUNG 71388044809 17847011204 7 16481
RUNG 89766404809 22441601205 11 1459
RUNG 117830160529 29457540133 3 89
RUNG 118855264609 29713816153 3 137
RUNG 243944508889 60986127226 15 12836
RUNG 346550892769 86637723196 15 86
RUNG 407389390489 101847347626 15 663500636
RUNG 105816841729 26454210434 7 3748
RUNG 206973377209 51743344303 3 15077
RUNG 403043931889 100760982974 7 73
RUNG 426778562809 106694640704 7 49892
RUNG 64443069601 16110767405 19 67
RUNG 104489516041 26122379011 3 16421
RUNG 157249703521 39312425885 19 15761
RUNG 216458653321 54114663331 3 3761
RUNG 282996484681 70749121175 19 794875
RUNG 304103010121 76025752532 7 61
RUNG 501129239521 125282309884 15 191
RUNG 15954830329 3988707583 3 389
RUNG 349756898929 87439224734 7 373894
RUNG 9230393041 2307598261 3 31223
RUNG 21660290521 5415072633 11 1119
RUNG 72196696441 18049174113 11 155031
RUNG 266615240761 66653810195 19 181
RUNG 296134971001 74033742752 7 188
RUNG 53910229129 13477557283 3 1301
RUNG 282679970329 70669992583 3 16193
RUNG 485381028889 121345257225 11 2265
RUNG 261414166729 65353541684 7 62
RUNG 281667119449 70416779864 7 6691
RUNG 396723821209 99180955303 3 222533
RUNG 447858544849 111964636215 11 110151
RUNG 495509548249 123877387064 7 62
RUNG 306565713841 76641428461 3 3083
RUNG 38078295649 9519573914 7 76
RUNG 110750415169 27687603795 11 285
RUNG 432800543569 108200135896 15 71
RUNG 482746799929 120686699988 23 428
RUNG 467382492721 116845623182 7 262
RUNG 478303323481 119575830871 3 4217
RUNG 489224153401 122306038355 19 820845895
RUNG 39818117161 9954529302 47 7866084
RUNG 42301237801 10575309456 23 48959766
RUNG 84794048161 21198512042 7 3412
RUNG 467184416521 116796104133 11 30689
RUNG 293568134521 73392033633 11 153
RUNG 534473719441 133618429862 7 21157
RUNG 120474614569 30118653643 3 2789
RUNG 355290836209 88822709053 3 33767
RUNG 67493886961 16873471742 7 206
RUNG 304376653081 76094163273 11 431
RUNG 228202435561 57050608892 7 1084
RUNG 234244831921 58561207982 7 524
RUNG 479238581761 119809645445 19 193
RUNG 71794425481 17948606374 15 101
RUNG 203422281841 50855570462 7 126013
RUNG 434483191921 108620797981 3 25031
RUNG 96758365201 24189591304 15 101
RUNG 101810372161 25452593043 11 35151
RUNG 427503499921 106875874983 11 237
RUNG 444389128681 111097282172 7 1762
RUNG 19058746249 4764686567 19 107
RUNG 89006784409 22251696110 31 228487
RUNG 261285531049 65321382764 7 101
RUNG 273962515369 68490628844 7 31
RUNG 245625127729 61406281936 15 356
RUNG 490087946329 122521986584 7 1882
RUNG 523158784129 130789696033 3 2309
RUNG 240485313121 60121328286 23 134
RUNG 490214552881 122553638221 3 5651
RUNG 510340899121 127585224781 3 137
RUNG 440983011121 110245752786 23 3356
RUNG 469230550441 117307637613 11 1107
RUNG 2832699769 708174944 7 94
RUNG 265040845969 66260211493 3 11159
RUNG 272616814369 68154203595 11 505
RUNG 405759864409 101439966104 7 122
RUNG 55723578121 13930894532 7 5318
RUNG 415426882081 103856720521 3 257
RUNG 521394463801 130348615951 3 155663
RUNG 111865385041 27966346262 7 31
RUNG 125442909001 31360727252 7 94
RUNG 355013129881 88753282471 3 101
RUNG 517044919801 129261229952 7 157
RUNG 208406912401 52101728103 11 30087
RUNG 323955745801 80988936451 3 857
RUNG 422478049681 105619512423 11 2546337
RUNG 506971538761 126742884692 7 181
RUNG 517504381081 129376095271 3 7643
RUNG 69909634369 17477408594 7 124
RUNG 115373612929 28843403236 15 71
RUNG 132849391249 33212347813 3 269
RUNG 372733956169 93183489047 19 212263073
RUNG 429657863209 107414465803 3 233
RUNG 435610409809 108902602456 15 131
RUNG 145007698609 36251924654 7 388
RUNG 513018021289 128254505330 31 7887925
RUNG 90636342889 22659085726 15 86
RUNG 122765800249 30691450068 23 48759
RUNG 188907475849 47226868964 7 1916
RUNG 216726186769 54181546693 3 881
RUNG 326830941529 81707735385 11 16749
RUNG 401843238889 100460809728 23 1908
RUNG 24962294569 6240573643 3 12251
RUNG 62429644489 15607411123 3 101
RUNG 149238806929 37309701734 7 118
RUNG 206350581649 51587645414 7 41
RUNG 418302081409 104575520353 3 1721
RUNG 72409094209 18102273557 19 10191580012591
RUNG 291609835969 72902458994 7 38
RUNG 506305837489 126576459373 3 3251
RUNG 88976166841 22244041715 19 90792007
RUNG 90961029721 22740257431 3 33863
RUNG 149802412321 37450603082 7 2372
RUNG 263076413161 65769103295 19 1188425
RUNG 494794860121 123698715033 11 2439
RUNG 403121558449 100780389613 3 233
RUNG 424232167969 106058041993 3 6449
RUNG 56426050321 14106512584 15 160376
RUNG 108745157161 27186289292 7 1214
RUNG 319992153121 79998038281 3 953
RUNG 338307209881 84576802472 7 60238
RUNG 338979041041 84744760266 23 51
RUNG 405404560201 101351140051 3 677
RUNG 11417450521 2854362633 11 58263
RUNG 330676110241 82669027562 7 16931
RUNG 384059119921 96014779982 7 82
RUNG 426304843441 106576210862 7 292
RUNG 289904743129 72476185783 3 58379
RUNG 318701591209 79675397803 3 111521
RUNG 392157854089 98039463524 7 12668
RUNG 447211252489 111802813123 3 230309
RUNG 514586320249 128646580065 11 19
RUNG 113231526769 28307881694 7 31
RUNG 128307908089 32076977025 11 1341
RUNG 181989055609 45497263906 15 2186
RUNG 319918647409 79979661854 7 178
RUNG 348668528569 87167132143 3 137
RUNG 406484807089 101621201775 11 3849
RUNG 138681471601 34670367902 7 68
RUNG 182287193761 45571798441 3 2543
RUNG 266625487801 66656371952 7 68
RUNG 267495396841 66873849212 7 68
RUNG 462524511121 115631127782 7 68
RUNG 79439849329 19859962336 15 3656
RUNG 261222250129 65305562534 7 194
RUNG 288797958289 72199489573 3 821
RUNG 115050985009 28762746253 3 22643
RUNG 215315149009 53828787254 7 76
RUNG 353759334889 88439833725 11 7773
RUNG 341178327169 85294581797 19 5017328341
RUNG 461176765729 115294191436 15 296
RUNG 129124725601 32281181402 7 142159
RUNG 254085321361 63521330341 3 21839
RUNG 338466498241 84616624561 3 197
RUNG 467821564081 116955391028 31 17
RUNG 28064166601 7016041654 15 5741
RUNG 166146911401 41536727853 11 4311
RUNG 306524909161 76631227293 11 9679
RUNG 343212199801 85803049951 3 173
RUNG 54343180369 13585795094 7 98818
RUNG 161478808969 40369702244 7 41
RUNG 361451702089 90362925527 19 8771
RUNG 92566085329 23141521335 11 2085
RUNG 204110478289 51027619575 11 18453
RUNG 24688677049 6172169264 7 859
RUNG 352766907529 88191726883 3 1193
RUNG 372209170369 93052292596 15 536
RUNG 489546830809 122386707707 19 11470972331447
RUNG 111203786521 27800946634 15 4556
RUNG 255535173721 63883793434 15 146
RUNG 456618936601 114154734155 19 9845
RUNG 84197807929 21049451984 7 1396
RUNG 203783754409 50945938608 23 33944
RUNG 382423455649 95605863915 11 26121
RUNG 464145896449 116036474117 19 2617
RUNG 125395965601 31348991403 11 13257
RUNG 428093680921 107023420232 7 13058
RUNG 492013617001 123003404253 11 9693
RUNG 350508413641 87627103411 3 36107
RUNG 150531436969 37632859246 15 281
RUNG 167198567449 41799641863 3 8573
RUNG 262306580449 65576645114 7 101
RUNG 427295244289 106823811074 7 38
RUNG 50861506921 12715376731 3 281
RUNG 21795110089 5448777523 3 19121
RUNG 73001305129 18250326285 11 255
RUNG 229938205249 57484551314 7 5981
RUNG 384048922009 96012230505 11 255
RUNG 214475878681 53618969672 7 131
RUNG 283188482641 70797120664 15 1301
RUNG 149424652969 37356163244 7 31
RUNG 292077483289 73019370823 3 45281
RUNG 395514977449 98878744363 3 4931
RUNG 511247594449 127811898613 3 557
RUNG 20175773521 5043943381 3 149
RUNG 109651840201 27412960051 3 51419
RUNG 307717467961 76929366994 15 51836
RUNG 345086799961 86271699993 11 296466323
RUNG 375692895481 93923223873 11 4311
RUNG 402768303841 100692075963 11 247719
RUNG 485176870081 121294217521 3 61511
RUNG 7668278641 1917069664 15 6521
RUNG 169142591641 42285647912 7 1042
RUNG 344480314201 86120078551 3 14759
RUNG 64345099009 16086274757 19 4215323
RUNG 453882607369 113470651846 15 26636
RUNG 356132195329 89033048833 3 19889
RUNG 398637257929 99659314486 15 101
RUNG 22509827209 5627456803 3 797
RUNG 49178869609 12294717403 3 51899
RUNG 162075093049 40518773264 7 97
RUNG 225992987089 56498246777 19 49147
RUNG 421881800209 105470450056 15 206
RUNG 450368258209 112592064553 3 89
RUNG 521800859449 130450214866 15 446
RUNG 527161214449 131790303616 15 13256
RUNG 399494917441 99873729362 7 346
RUNG 338217382441 84554345612 7 68
RUNG 385776494041 96444123511 3 2003
RUNG 408851546041 102212886511 3 89
RUNG 447527783641 111881945912 7 68
RUNG 129743477161 32435869294 15 1871
RUNG 292943313961 73235828492 7 6079
RUNG 301932374041 75483093512 7 647
RUNG 381741423361 95435355841 3 89
RUNG 396842309161 99210577292 7 73
RUNG 490761854881 122690463723 11 5233
RUNG 58586553169 14646638294 7 94
RUNG 79519505209 19879876304 7 59
RUNG 282818881489 70704720375 11 41
RUNG 304284805969 76071201493 3 569
RUNG 37841469241 9460367315 19 13825
RUNG 68063661241 17015915311 3 6803
RUNG 259445692081 64861423021 3 19919
RUNG 272114508241 68028627062 7 1966
RUNG 280709454601 70177363654 15 446
RUNG 358002710641 89500677661 3 149
RUNG 373091344201 93272836051 3 6263
RUNG 441946890961 110486722742 7 881
RUNG 73166719609 18291679904 7 3167
RUNG 256237647649 64059411914 7 206
RUNG 40669695361 10167423843 11 2529
RUNG 160996902361 40249225593 11 43713
RUNG 201294519721 50323629931 3 281
RUNG 367183723201 91795930802 7 404
RUNG 508882920841 127220730213 11 126081
RUNG 519325913401 129831478352 7 15629
RUNG 530636772961 132659193241 3 25943
RUNG 75412964929 18853241233 3 52127
RUNG 147515355289 36878838825 11 1707
RUNG 409368186529 102342046633 3 4349
RUNG 132694229641 33173557411 3 91457
RUNG 247389490321 61847372581 3 2939
RUNG 385041364681 96260341173 11 184967
RUNG 137750321641 34437580411 3 19373
RUNG 146686288681 36671572173 11 235311
RUNG 181047695761 45261923943 11 8713508764038759
RUNG 201711098521 50427774635 19 515
RUNG 294885299641 73721324911 3 13751
RUNG 321840227641 80460056912 7 2036
RUNG 327147489601 81786872402 7 29434
RUNG 347610772441 86902693114 15 323996
RUNG 355423617481 88855904372 7 356
RUNG 385952115481 96488028876 23 1328
RUNG 424589554321 106147388581 3 1733
RUNG 91022321569 22755580394 7 38
RUNG 114072869089 28518217275 11 369
RUNG 175983437809 43995859457 19 2406221545162457
RUNG 332759016769 83189754194 7 18049
RUNG 424313880169 106078470045 11 3273
RUNG 110233834489 27558458626 15 101
RUNG 517030664929 129257666235 11 285
RUNG 3827214889 956803724 7 68
RUNG 118489802929 29622450733 3 106019
RUNG 259764256249 64941064063 3 3539
RUNG 500049061009 125012265253 3 3041
RUNG 504751879129 126187969784 7 68
RUNG 410466809041 102616702262 7 62
RUNG 498493027321 124623256832 7 188
RUNG 76001079001 19000269752 7 61
RUNG 134201261041 33550315261 3 653
RUNG 487894841281 121973710322 7 47
RUNG 493120421641 123280105411 3 4337
RUNG 244836946561 61209236641 3 5519
RUNG 281089282681 70272320671 3 953
RUNG 505186836361 126296709092 7 59
RUNG 355901460961 88975365242 7 59
RUNG 430885169761 107721292445 19 13
RUNG 60920616241 15230154064 15 326
RUNG 111949153801 27987288452 7 9134
RUNG 427258508161 106814627041 3 401
RUNG 297921820849 74480455215 11 42489
RUNG 383113687609 95778421904 7 244
RUNG 35262384361 8815596091 3 569
RUNG 332863167841 83215791962 7 68
RUNG 496189611121 124047402782 7 68
RUNG 527473663921 131868415981 3 101
RUNG 140280419161 35070104791 3 32717
RUNG 338143884961 84535971242 7 47
RUNG 87440592409 21860148104 7 41
RUNG 186122175409 46530543854 7 202
RUNG 345037812289 86259453074 7 41068
RUNG 371782410169 92945602545 11 255
RUNG 392427434569 98106858643 3 4157
RUNG 400995834409 100248958603 3 401
RUNG 477468190369 119367047594 7 1238
RUNG 62315332489 15578833123 3 149
RUNG 242159837329 60539959334 7 31
RUNG 296433176449 74108294116 15 296
RUNG 86901494689 21725373673 3 149
RUNG 246703376929 61675844235 11 285
RUNG 273407134009 68351783505 11 1605
RUNG 503430687769 125857671943 3 20021
RUNG 17725348369 4431337096 15 2936
RUNG 27727260289 6931815073 3 2141
RUNG 519795597049 129948899263 3 389
RUNG 352854744841 88213686211 3 269
RUNG 450658250641 112664562666 23 963
RUNG 228574150249 57143537564 7 17972
RUNG 25035855961 6258963993 11 16623
RUNG 174572403121 43643100785 19 115861
RUNG 232505077921 58126269481 3 173
RUNG 182403627121 45600906784 15 2936
RUNG 224008150081 56002037526 23 199
RUNG 460692838321 115173209582 7 118
RUNG 49499495809 12374873954 7 68
RUNG 128405963449 32101490864 7 68
RUNG 272098192129 68024548033 3 8111
RUNG 330645520969 82661380243 3 137
RUNG 386133873889 96533468474 7 68
RUNG 466786285729 116696571434 7 68
RUNG 468593491129 117148372784 7 68
RUNG 156034765441 39008691363 11 321
RUNG 1121527969 280381994 7 13187
RUNG 236576908129 59144227034 7 118
RUNG 346056798649 86514199663 3 87641
RUNG 410764962169 102691240549 27 14207464984573143749
RUNG 444969132169 111242283043 3 101
RUNG 223348573561 55837143391 3 1571
RUNG 321615622441 80403905611 3 28703
RUNG 532519555681 133129888923 11 530217
RUNG 533173008481 133293252121 3 197
RUNG 71330950441 17832737612 7 314
RUNG 235208744521 58802186133 11 501
RUNG 318246259081 79561564774 15 356
RUNG 347473977601 86868494403 11 303
RUNG 381690399841 95422599964 15 41141
RUNG 438706198681 109676549674 15 596
RUNG 78955928041 19738982012 7 262
RUNG 391222642801 97805660701 3 50177
RUNG 430964825281 107741206323 11 459
RUNG 473424963001 118356240753 11 459
RUNG 513698075881 128424518973 11 459
RUNG 356458954009 89114738504 7 31
RUNG 79055989609 19763997408 23 723
RUNG 117137993569 29284498400 31 179600
RUNG 180261534049 45065383516 15 101
RUNG 276831647689 69207911924 7 146
RUNG 525644011489 131411002875 11 941
RUNG 221741494129 55435373537 19 13780630668998743903
RUNG 239497031929 59874257984 7 19
RUNG 281062756129 70265689036 15 356
RUNG 460592786809 115148196704 7 47
RUNG 522219511969 130554877993 3 38747
RUNG 165683413009 41420853253 3 24113
RUNG 501141576049 125285394013 3 113
RUNG 48004733401 12001183354 15 311
RUNG 92707031041 23176757765 19 281
RUNG 197955814681 49488953672 7 916
RUNG 391657602961 97914400744 15 7646
RUNG 483002136241 120750534061 3 113
RUNG 518586725281 129646681325 19 485
RUNG 240895833049 60223958265 11 3141
RUNG 174221185681 43555296422 7 31
RUNG 262725241321 65681310332 7 59
RUNG 385997070001 96499267502 7 73
RUNG 440307165841 110076791461 3 8837
RUNG 515654357761 128913589442 7 542
RUNG 145401876481 36350469123 11 26283781
RUNG 261067106161 65266776542 7 17722
RUNG 39818198809 9954549707 19 915818572607
RUNG 103066303729 25766575933 3 15461
RUNG 146651605489 36662901374 7 458
RUNG 254316122449 63579030614 7 3566
RUNG 424430306689 106107576674 7 31
RUNG 33653281489 8413320376 15 41
RUNG 332724333769 83181083445 11 149
RUNG 421867547929 105466886986 15 86
RUNG 514476103969 128619025994 7 692
RUNG 317666330881 79416582721 3 113
RUNG 382057978201 95514494552 7 178
RUNG 487819313881 121954828471 3 197
RUNG 516922467961 129230616994 15 2231
RUNG 489975709609 122493927404 7 10316
RUNG 329261037121 82315259285 19 545
RUNG 346732731361 86683182845 19 3295
RUNG 465759158881 116439789721 3 113
RUNG 16389878569 4097469644 7 82
RUNG 52244016889 13061004224 7 313
RUNG 58680526969 14670131744 7 45442
RUNG 105222702649 26305675663 3 24029
RUNG 340400365369 85100091343 3 159491
RUNG 391586140009 97896535004 7 719
RUNG 396611600449 99152900114 7 4058
RUNG 451415869969 112853967493 3 37493
RUNG 56726295649 14181573918 23 963
RUNG 77291680489 19322920124 7 62
RUNG 301701666289 75425416574 7 62
RUNG 413891343889 103472835973 3 281
RUNG 486426646729 121606661685 11 19
RUNG 751940281 187985073 11 59121
RUNG 99872561881 24968140473 11 1110633
RUNG 483059325841 120764831466 23 53748
RUNG 107662946161 26915736541 3 101
RUNG 130529710081 32632427521 3 89
RUNG 474780897361 118695224341 3 101
RUNG 153624409 38406104 7 607
RUNG 53226244009 13306561004 7 19
RUNG 247634578129 61908644533 3 521
RUNG 381257507569 95314376893 3 113
RUNG 463482290209 115870572554 7 3932
RUNG 141399489529 35349872384 7 31
RUNG 149118400729 37279600188 23 283
RUNG 150623384209 37655846053 3 401
RUNG 405712978969 101428244746 15 1151
RUNG 101771661601 25442915401 3 653
RUNG 119809000921 29952250233 11 101
RUNG 130652233321 32663058333 11 3357
RUNG 166653398521 41663349631 3 6221
RUNG 297060114961 74265028753 51 109153907
RUNG 432353433121 108088358281 3 8573
RUNG 458044338361 114511084594 15 21011
RUNG 150151673401 37537918351 3 173
RUNG 150990951841 37747737962 7 29686
RUNG 156867942961 39216985743 11 117
RUNG 237287562241 59321890563 11 117
RUNG 14374392481 3593598124 15 251
RUNG 305093501161 76273375291 3 293
RUNG 408369674161 102092418542 7 9868
RUNG 100436169121 25109042281 3 19559
RUNG 220432565641 55108141413 11 747
RUNG 258147002401 64536750603 11 351
RUNG 343547157241 85886789311 3 3191
RUNG 129079864489 32269966126 15 206
RUNG 180978311089 45244577782 39 2038916154055227131
RUNG 292835136169 73208784046 15 101
RUNG 370888031089 92722007773 3 2333
RUNG 430466590129 107616647534 7 8966
RUNG 440919792889 110229948225 11 3527
RUNG 449610715129 112402678783 3 89
RUNG 500763817129 125190954285 11 1635
RUNG 5405757289 1351439324 7 692
RUNG 124036029049 31009007264 7 188
RUNG 173386009729 43346502435 11 285
RUNG 204627179689 51156794923 3 4049
RUNG 260409586369 65102396594 7 76
RUNG 44621093521 11155273381 3 257
RUNG 465019952401 116254988104 15 776
RUNG 333704531161 83426132792 7 68
RUNG 16463407249 4115851814 7 97
RUNG 31674563209 7918640807 19 66125792713
RUNG 195172537849 48793134466 15 71
RUNG 368676508489 92169127123 3 1097
RUNG 492291399889 123072849978 23 736333
RUNG 351770459401 87942614852 7 178
RUNG 488779091161 122194772792 7 164
RUNG 498633976201 124658494053 11 813
RUNG 13720948201 3430237056 23 1072
RUNG 115524810361 28881202593 11 2647
RUNG 306696511081 76674127776 23 2988
RUNG 533356824961 133339206242 7 41
RUNG 191213023369 47803255845 11 11035
RUNG 241142943409 60285735853 3 25799
RUNG 484942099009 121235524753 3 5903
RUNG 169401994441 42350498611 3 89
RUNG 221425005481 55356251373 11 10053
RUNG 416366312209 104091578055 11 745
RUNG 59519822569 14879955646 15 1556
RUNG 111600010729 27900002690 31 10654
RUNG 136143289489 34035822374 7 31
RUNG 334321229449 83580307363 3 1637
RUNG 360880001689 90220000425 11 285
RUNG 450723635569 112680908898 23 6516
RUNG 78090134929 19522533735 11 1657
RUNG 257661006409 64415251607 19 28372857042739853
RUNG 269950003129 67487500783 3 569
RUNG 341233535449 85308383863 3 89
RUNG 89490844801 22372711203 11 123
RUNG 301707809761 75426952443 11 56754667
RUNG 153145317361 38286329342 7 124
RUNG 463533355321 115883338832 7 761
RUNG 495048158641 123762039661 3 6257
RUNG 80511997801 20127999455 19 124793596621
RUNG 526930530361 131732632591 3 101
RUNG 52270585249 13067646315 11 1293
RUNG 216724234609 54181058654 7 19
RUNG 278618467009 69654616753 3 2069
RUNG 303633457009 75908364253 3 929
RUNG 429441499369 107360374843 3 40949
RUNG 381761908441 95440477115 19 205
RUNG 432535191001 108133797751 3 2141
RUNG 42693419521 10673354881 3 101
RUNG 80548757041 20137189262 7 262
RUNG 219875104201 54968776052 7 542
RUNG 118900312441 29725078116 23 8912
RUNG 388292355361 97073088842 7 2588
RUNG 440450141041 110112535262 7 292
RUNG 292030591441 73007647861 3 141623
RUNG 375837955081 93959488771 3 52817
RUNG 384976084081 96244021025 19 12160373
RUNG 130380664129 32595166036 15 8081
RUNG 180992625529 45248156385 11 19
RUNG 222493004449 55623251120 31 4175
RUNG 460419253009 115104813254 7 76
RUNG 510112296409 127528074104 7 56636
RUNG 86125573801 21531393452 7 68
RUNG 104461050961 26115262741 3 5393
RUNG 291493536601 72873384152 7 68
RUNG 451732415401 112933103852 7 68
RUNG 244812502489 61203125625 11 1905
RUNG 477737795089 119434448774 7 62
RUNG 479506201729 119876550434 7 734
RUNG 365554244449 91388561117 19 37743475741321
RUNG 28235783689 7058945923 3 701
RUNG 53452938529 13363234637 19 800789416876755703
RUNG 72484751329 18121187836 15 446
RUNG 194553818449 48638454613 3 7643
RUNG 358447948849 89611987213 3 1097
RUNG 504517112089 126129278023 3 53267
RUNG 37137039241 9284259812 7 124
RUNG 274667132041 68666783012 7 115981
RUNG 342854931721 85713732931 3 274661
RUNG 119257678201 29814419552 7 206
RUNG 474121347361 118530336843 11 65691
RUNG 351511140481 87877785122 7 31
RUNG 431426375881 107856593973 11 11984065997
RUNG 532764652921 133191163233 11 37809
RUNG 25415731441 6353932862 7 3254
RUNG 233213721841 58303430462 7 244
RUNG 237889993441 59472498363 11 1779
RUNG 300023144521 75005786136 23 687
RUNG 66170766601 16542691652 7 22273
RUNG 74667695041 18666923762 7 12893
RUNG 88782275521 22195568881 3 18803
RUNG 175730296681 43932574172 7 62
RUNG 350810722201 87702680551 3 2693
RUNG 381186067201 95296516801 3 35999
RUNG 240597739561 60149434891 3 521
RUNG 57263388961 14315847241 3 2273
RUNG 523818477961 130954619491 3 89
RUNG 119531315401 29882828855 19 15367
RUNG 356426333761 89106583441 3 8117
RUNG 210220354369 52555088596 15 3821
RUNG 110346220609 27586555153 3 557
RUNG 150047562289 37511890573 3 8429
RUNG 256927935889 64231983975 11 747
RUNG 407248626409 101812156604 7 28972
RUNG 531966219409 132991554854 7 1126
RUNG 111751147369 27937786847 19 6513823
RUNG 226938539809 56734634953 3 23201
RUNG 435055088449 108763772116 15 2456
RUNG 246062244481 61515561121 3 4817
RUNG 473355590761 118338897692 7 388
RUNG 458046418561 114511604641 3 6761
RUNG 485773237681 121443309423 11 19989
RUNG 94195731529 23548932886 15 86
RUNG 322779647089 80694911773 3 2273
RUNG 458056628929 114514157234 7 388
RUNG 298040332801 74510083204 15 1346
RUNG 204184091281 51046022821 3 641
RUNG 210275496601 52568874154 15 12655001
RUNG 217567621441 54391905362 7 146
RUNG 217939272769 54484818194 7 69221
RUNG 424058706289 106014676574 7 14054
RUNG 19961454769 4990363694 7 31
RUNG 158033989369 39508497347 19 3109
RUNG 287693319169 71923329796 15 41
RUNG 99790924921 24947731231 3 1277
RUNG 105435123481 26358780873 11 409
RUNG 171597219481 42899304875 19 1015
RUNG 472134456481 118033614123 11 321
RUNG 317692930801 79423232701 3 185567
RUNG 483757749721 120939437432 7 2462
RUNG 525039630361 131259907594 15 1961621
RUNG 318156474409 79539118605 11 58593
RUNG 79441999081 19860499772 7 61687
RUNG 410564911201 102641227801 3 50123
RUNG 432598522801 108149630702 7 346
RUNG 154172495569 38543123894 7 68
RUNG 202219654729 50554913684 7 68
RUNG 443652085969 110913021494 7 61
RUNG 343171466401 85792866604 15 146
RUNG 299970069169 74992517293 3 110969
RUNG 127844476489 31961119124 7 202
RUNG 183416553049 45854138265 11 117
RUNG 215470454929 53867613733 3 281
RUNG 269239410169 67309852545 11 117
RUNG 294965030089 73741257525 11 117
RUNG 449087999089 112271999773 3 104651
RUNG 471117526609 117779381654 7 118
RUNG 137292996481 34323249121 3 1973
RUNG 307940153161 76985038292 7 31
RUNG 339844986121 84961246531 3 7643
RUNG 412870378561 103217594643 11 501
RUNG 484523520121 121130880031 3 1013
RUNG 22091313841 5522828462 7 8609
RUNG 82684766761 20671191692 7 48341
RUNG 395055625561 98763906392 7 8644
RUNG 27858035209 6964508805 11 95
RUNG 263572754449 65893188614 7 15907
RUNG 432935467969 108233866994 7 16474
RUNG 15248439361 3812109841 3 173
RUNG 21317382241 5329345563 11 239
RUNG 174353985961 43588496491 3 113
RUNG 99525472489 24881368126 15 356
RUNG 419043471289 104760867827 19 548581
RUNG 140813480809 35203370204 7 292
RUNG 246885206569 61721301650 31 2740
RUNG 255114627769 63778656951 35 201
RUNG 15199432609 3799858153 3 677
RUNG 96599231089 24149807773 3 821
RUNG 375729764089 93932441028 23 8244
RUNG 524308594489 131077148624 7 19
RUNG 121240529281 30310132321 3 173
RUNG 224786251561 56196562893 11 193
RUNG 264593779321 66148444832 7 3118
RUNG 307319382241 76829845561 3 461
RUNG 329544945601 82386236405 19 14971
RUNG 468432254161 117108063544 15 8516
RUNG 476698432081 119174608024 15 296
RUNG 63883710361 15970927592 7 118
RUNG 77508201241 19377050313 11 153
RUNG 139367718961 34841929742 7 86302
RUNG 194210787241 48552696813 11 153
RUNG 301193264089 75298316026 15 30356
RUNG 530726728249 132681682063 3 70991
RUNG 55235675401 13808918853 11 3467
RUNG 377833070521 94458267631 3 173
RUNG 100854849481 25213712371 3 89
RUNG 221233107481 55308276871 3 257
RUNG 319685982001 79921495502 7 467
RUNG 396338037481 99084509372 7 733
RUNG 39228125689 9807031425 11 14115
RUNG 232813517689 58203379429 27 7390141289479559
RUNG 285512443969 71378110995 11 981
RUNG 455495937649 113873984414 7 164
RUNG 328940509489 82235127374 7 164
RUNG 511086393409 127771598354 7 38
RUNG 518488788409 129622197103 3 2789
RUNG 54173817721 13543454433 11 14118497
RUNG 430746414121 107686603535 19 276829315
RUNG 165806018569 41451504646 15 7586
RUNG 206775467089 51693866773 3 5009
RUNG 224788301929 56197075485 11 95
RUNG 255719082529 63929770636 15 86
RUNG 440397096049 110099274013 3 509
RUNG 340647527089 85161881776 15 1256
RUNG 372043892089 93010973023 3 101
RUNG 45317495521 11329373881 3 13781
RUNG 51419111041 12854777763 11 591
RUNG 169306080241 42326520064 15 206
RUNG 398763988921 99690997231 3 1097
RUNG 235127157409 58781789355 11 85
RUNG 414199771129 103549942783 3 1433
RUNG 107183141641 26795785412 7 398
RUNG 145346827201 36336706801 3 113
RUNG 484352013721 121088003434 15 19181
RUNG 330369945721 82592486433 11 206469
RUNG 441944969281 110486242322 7 388
RUNG 449006343601 112251585903 11 1432749
RUNG 450664480081 112666120024 15 776
RUNG 112694608009 28173652004 7 31
