RUNG 39999773395821409 9999943348955353 3 3533
RUNG 39999541126023889 9999885281505973 3 596537
RUNG 39999354738823489 9999838684705873 3 1465007
RUNG 39999675386070409 9999918846517603 3 23609
RUNG 39999839212813489 9999959803203376 15 26289416
RUNG 39999522228986401 9999880557246602 7 1732
RUNG 39999731072501281 9999932768125322 7 941
RUNG 39999464527064641 9999866131766162 7 26040017
RUNG 39999766857212761 9999941714303191 3 28340549
RUNG 39999493622051209 9999873405512804 7 404381
RUNG 39999627461436889 9999906865359224 7 362
RUNG 39999341886227161 9999835471556791 3 941
RUNG 39999609826381321 9999902456595333 11 1469151
RUNG 39999717925852801 9999929481463201 3 2801
RUNG 39999824830730881 9999956207682721 3 89
RUNG 39999350462797441 9999837615699364 15 4616
RUNG 39999589352888881 9999897338222222 7 433
RUNG 39999590667962641 9999897666990662 7 11276
RUNG 39999736708537321 9999934177134332 7 524
RUNG 39999457002150409 9999864250537604 7 3542054
RUNG 39999533509221049 9999883377305267 19 157946713621
RUNG 39999651116430769 9999912779107693 3 21270971
RUNG 39999327904383409 9999831976095854 7 48383
RUNG 39999780493960849 9999945123490213 3 39839
RUNG 39999508869969289 9999877217492323 3 4373
RUNG 39999604543629361 9999901135907343 11 98631837
RUNG 39999683072319601 9999920768079902 7 103
RUNG 39999839733544321 9999959933386082 7 84446
RUNG 39999326425949641 9999831606487415 19 127
RUNG 39999474655591201 9999868663897804 15 1871
RUNG 39999485308913881 9999871327228472 7 52337564
RUNG 39999495163798921 9999873790949731 3 6959
RUNG 39999834416072281 9999958604018072 7 132047
RUNG 39999449040241849 9999862260060464 7 353
RUNG 39999506527751929 9999876631937984 7 262
RUNG 39999471886588369 9999867971647093 3 1849487
RUNG 39999481698590569 9999870424647643 3 4157
RUNG 39999732838879969 9999933209719994 7 5957236
RUNG 39999369335339761 9999842333834943 11 594467073
RUNG 39999550149813601 9999887537453403 11 338096748739
RUNG 39999467112300721 9999866778075182 7 178
RUNG 39999730655941081 9999932663985274 15 281
RUNG 39999327547036729 9999831886759183 3 78797
RUNG 39999381430346209 9999845357586556 15 9150956
RUNG 39999474673976689 9999868668494174 7 402188
RUNG 39999585325998169 9999896331499543 3 46643
RUNG 39999589475423449 9999897368855864 7 2593
RUNG 39999726720932449 9999931680233113 3 3089
RUNG 39999335598801121 9999833899700281 3 1619
RUNG 39999415499742241 9999853874935564 15 1061
RUNG 39999497697978361 9999874424494592 7 244009
RUNG 39999437923385329 9999859480846333 3 12347
RUNG 39999470951340289 9999867737835073 3 89
RUNG 39999494434800289 9999873608700074 7 4563212
RUNG 39999508402353889 9999877100588473 3 312161
RUNG 39999368518531249 9999842129632813 3 4817
RUNG 39999646213508809 9999911553377207 19 92679180276699910453
RUNG 39999356076382609 9999839019095653 3 389
RUNG 39999467831105689 9999866957776426 15 989395466
RUNG 39999589040473969 9999897260118494 7 159778
RUNG 39999449228121601 9999862307030403 11 2050443
RUNG 39999471126958561 9999867781739643 11 241
RUNG 39999609630363601 9999902407590903 11 333101
RUNG 39999689860073161 9999922465018292 7 89
RUNG 39999403323062569 9999850830765645 11 3231
RUNG 39999412548999289 9999853137249823 3 929
RUNG 39999718805990329 9999929701497584 7 124
RUNG 39999757294360249 9999939323590063 3 12401
RUNG 39999469999754281 9999867499938572 7 3541
RUNG 39999416416624729 9999854104156183 3 293
RUNG 39999435979367929 9999858994841984 7 19262
RUNG 39999568613950201 9999892153487551 3 773
RUNG 39999330079174489 9999832519793623 3 1373
RUNG 39999457296224449 9999864324056115 11 895595
RUNG 39999728289226729 9999932072306685 11 6465
RUNG 39999500201527441 9999875050381864 15 206
RUNG 39999541793798161 9999885448449542 7 210761
RUNG 39999632480794561 9999908120198642 7 14369
RUNG 39999782417581561 9999945604395391 3 113
RUNG 39999496101114001 9999874025278502 7 45433
RUNG 39999575142357601 9999893785589402 7 6508
RUNG 39999695416472521 9999923854118132 7 4892
RUNG 39999490955177209 9999872738794304 7 82
RUNG 39999627935220409 9999906983805104 7 47
RUNG 39999480822574849 9999870205643713 3 1109
RUNG 39999550901303569 9999887725325894 7 1574
RUNG 39999787353199249 9999946838299814 7 7286
RUNG 39999791371933969 9999947842983493 3 40143017
RUNG 39999511496058409 9999877874014606 15 1646
RUNG 39999627708554809 9999906927138704 7 176531
RUNG 39999715971649729 9999928992912433 3 2153
RUNG 39999780922816009 9999945230704004 7 1874
RUNG 39999402504219601 9999850626054903 11 103527
RUNG 39999463097672521 9999865774418132 7 2223451
RUNG 39999645611123641 9999911402780912 7 150422
RUNG 39999548714285161 9999887178571292 7 229
RUNG 39999559028629201 9999889757157302 7 241834
RUNG 39999740841660601 9999935210415152 7 12831439
RUNG 39999438676918009 9999859669229503 3 401
RUNG 39999845633027569 9999961408256893 3 677
RUNG 39999686398832689 9999921599708173 3 557
RUNG 39999376310975041 9999844077743764 15 596
RUNG 39999507416069161 9999876854017291 3 5166107
RUNG 39999623826643441 9999905956660862 7 5578
RUNG 39999703621398481 9999925905349622 7 881
RUNG 39999369406838209 9999842351709554 7 59
RUNG 39999426036691489 9999856509172875 11 3203
RUNG 39999768686919409 9999942171729854 7 94
RUNG 39999639913835281 9999909978458823 11 197
RUNG 39999751423513561 9999937855878391 3 197
RUNG 39999337385609809 9999834346402458 23 922018
RUNG 39999516090656329 9999879022664088 23 6079
RUNG 39999563306705209 9999890826676303 3 113
RUNG 39999356797242649 9999839199310663 3 13116239
RUNG 39999590067640009 9999897516910003 3 37691
RUNG 39999632211261529 9999908052815386 15 71
RUNG 39999720502945009 9999930125736255 11 205
RUNG 39999747884659369 9999936971164850 31 117673988
RUNG 39999327132528481 9999831783132121 3 1109
RUNG 39999495945933241 9999873986483314 15 50355836
RUNG 39999601562285401 9999900390571352 7 236
RUNG 39999629407542841 9999907351885712 7 30078788
RUNG 39999775899408361 9999943974852093 11 1005021
RUNG 39999806613732001 9999951653433003 11 58977
RUNG 39999415840790569 9999853960197644 7 62
RUNG 39999430122818329 9999857530704584 7 31051
RUNG 39999726531050449 9999931632762615 11 24023
RUNG 39999612603597529 9999903150899384 7 89
RUNG 39999625603225201 9999906400806301 3 401
RUNG 39999850288886401 9999962572221601 3 1714931
RUNG 39999366760362409 9999841690090603 3 173
RUNG 39999392765741809 9999848191435454 7 103
RUNG 39999402716602729 9999850679150684 7 236
RUNG 39999326340224689 9999831585056173 3 2687
RUNG 39999727915558849 9999931978889718 23 1069
RUNG 39999839553886081 9999959888471524 15 1721
RUNG 39999339615527881 9999834903881972 7 206204
RUNG 39999603014183401 9999900753545852 7 271
RUNG 39999428140005721 9999857035001433 11 153
RUNG 39999662901092281 9999915725273072 7 62
RUNG 39999702449280961 9999925612320241 3 220013
RUNG 39999433624925329 9999858406231336 15 31736
RUNG 39999348625012921 9999837156253231 3 389
RUNG 39999358857675361 9999839714418841 3 317
RUNG 39999558824442361 9999889706110592 7 101
RUNG 39999858636756841 9999964659189211 3 5040599
RUNG 39999430188176761 9999857547044191 3 521
RUNG 39999447741552601 9999861935388153 11 123
RUNG 39999494557361641 9999873639340412 7 14369
RUNG 39999664916590681 9999916229147672 7 19066
RUNG 39999467251203769 9999866812800943 3 77249
RUNG 39999341835233281 9999835458808323 11 14814021
RUNG 39999612199288681 9999903049822173 11 277
RUNG 39999652068077641 9999913017019411 3 764783
RUNG 39999334487975641 9999833621993911 3 89
RUNG 39999659968731241 9999914992182812 7 118
RUNG 39999841628609641 9999960407152412 7 188
RUNG 39999649056070729 9999912264017683 3 959927
RUNG 39999746406243649 9999936601560914 7 199
RUNG 39999621696819409 9999905424204854 7 691739
RUNG 39999591640034041 9999897910008512 7 4079
RUNG 39999826072352161 9999956518088041 3 461
RUNG 39999375326737369 9999843831684344 7 1396
RUNG 39999393288521209 9999848322130304 7 31
RUNG 39999692649543169 9999923162385793 3 953
RUNG 39999735981631969 9999933995407993 3 8087
RUNG 39999429414252169 9999857353563043 3 30713
RUNG 39999441141687889 9999860285421976 15 12011
RUNG 39999473722436089 9999868430609024 7 19
RUNG 39999539974381849 9999884993595463 3 188939
RUNG 39999707987306929 9999926996826734 7 92804
RUNG 39999421595281201 9999855398820302 7 21542
RUNG 39999642831936841 9999910707984211 3 881
RUNG 39999831975891841 9999957993972962 7 1627
RUNG 39999380307276601 9999845076819151 3 293
RUNG 39999474337092481 9999868584273121 3 242357
RUNG 39999570149609281 9999892537402321 3 8663
RUNG 39999625952436361 9999906488109092 7 267692
RUNG 39999765423769369 9999941355942347 19 498978547
RUNG 39999505247456329 9999876311864083 3 197
RUNG 39999476356675081 9999869089168772 7 68
RUNG 39999789466752361 9999947366688092 7 68
RUNG 39999339562458049 9999834890614513 3 173
RUNG 39999493228010761 9999873307002691 3 149
RUNG 39999569937243361 9999892484310841 3 7583
RUNG 39999616322181961 9999904080545496 23 2246
RUNG 39999704748642409 9999926187160604 7 103
RUNG 39999409316506249 9999852329126564 7 719
RUNG 39999539237217169 9999884809304298 23 954
RUNG 39999599073073249 9999899768268313 3 3761
RUNG 39999759003604009 9999939750901004 7 103
RUNG 39999376108856641 9999844027214162 7 124
RUNG 39999400658263201 9999850164565802 7 156217
RUNG 39999599969535361 9999899992383843 11 259839
RUNG 39999386196536209 9999846549134053 3 653
RUNG 39999516929979049 9999879232494766 15 31458506
RUNG 39999565077198169 9999891269299544 7 1238
RUNG 39999580429254889 9999895107313726 15 41067331036196
RUNG 39999599430437089 9999899857609273 3 293
RUNG 39999633593766289 9999908398441574 7 412
RUNG 39999680501467129 9999920125366783 3 40433
RUNG 39999571358514121 9999892839628532 7 20716
RUNG 39999694609923889 9999923652480974 7 292
RUNG 39999409661620369 9999852415405094 7 76
RUNG 39999722498064289 9999930624516073 3 4391
RUNG 39999422093561401 9999855523390351 3 701
RUNG 39999501322671361 9999875330667844 15 128246
RUNG 39999502496844361 9999875624211093 11 681
RUNG 39999370873073089 9999842718268273 3 3671
RUNG 39999418971283249 9999854742820813 3 1217
RUNG 39999427543767409 9999856885941853 3 149
RUNG 39999446297862769 9999861574465694 7 31
RUNG 39999488849892289 9999872212473074 7 8816972
RUNG 39999498016609849 9999874504152464 7 31
RUNG 39999571493294449 9999892873323617 19 459679
RUNG 39999759205780609 9999939801445155 11 205
RUNG 39999805952160289 9999951488040077 19 22944141043
RUNG 39999350597661361 9999837649415344 15 11366
RUNG 39999491024668081 9999872756167023 11 108099
RUNG 39999416224743361 9999854056185841 3 197
RUNG 39999761386680481 9999940346670121 3 11263361
RUNG 39999852384066961 9999963096016741 3 99024251
RUNG 39999859508744521 9999964877186131 3 173
RUNG 39999403363975969 9999850840993993 3 1619
RUNG 39999445466756689 9999861366689173 3 2777
RUNG 39999746600269369 9999936650067343 3 101
RUNG 39999434164065601 9999858541016402 7 24022
RUNG 39999741760634881 9999935440158724 15 4406
RUNG 39999474866007409 9999868716501853 3 156899
RUNG 39999462797551321 9999865699387837 27 7211
RUNG 39999702767881921 9999925691970481 3 2939
RUNG 39999784359632161 9999946089908043 11 133011
RUNG 39999467998627729 9999866999656934 7 59
RUNG 39999497385625369 9999874346406345 11 153
RUNG 39999580110708241 9999895027677063 11 6597
RUNG 39999706196468041 9999926549117011 3 9929
RUNG 39999428052243529 9999857013060884 7 230012
RUNG 39999743341177489 9999935835294373 3 1901
RUNG 39999446694028441 9999861673507111 3 9239
RUNG 39999548430503281 9999887107625822 7 59
RUNG 39999624259616641 9999906064904163 11 8499
RUNG 39999470522594881 9999867630648721 3 40037
RUNG 39999577131377161 9999894282844291 3 79613
RUNG 39999680507610121 9999920126902532 7 27254
RUNG 39999648431247649 9999912107811914 7 215659
RUNG 39999662470272961 9999915617568245 19 265
RUNG 39999663995676841 9999915998919212 7 733
RUNG 39999440825209441 9999860206302365 19 41755
RUNG 39999573224956921 9999893306239231 3 335957
RUNG 39999810554929801 9999952638732454 15 71156
RUNG 39999844213875121 9999961053468784 15 596
RUNG 39999576473844289 9999894118461073 3 641
RUNG 39999338226997081 9999834556749271 3 68903
RUNG 39999344508313369 9999836127078343 3 728489
RUNG 39999390217336729 9999847554334184 7 2663
RUNG 39999426843368281 9999856710842072 7 692
RUNG 39999578883456481 9999894720864121 3 126713
RUNG 39999791427147841 9999947856786963 11 83
RUNG 39999803916264481 9999950979066121 3 797
RUNG 39999481902893041 9999870475723264 15 7001
RUNG 39999731550451201 9999932887612801 3 1060721
RUNG 39999483471181081 9999870867795274 15 107516
RUNG 39999524563152001 9999881140788004 15 936356
RUNG 39999774974433121 9999943743608281 3 1249811
RUNG 39999536682659761 9999884170664941 3 1732421
RUNG 39999795019098121 9999948754774535 19 235447
RUNG 39999532668009961 9999883167002491 3 113
RUNG 39999350136184441 9999837534046113 11 351
RUNG 39999464392406521 9999866098101631 3 113
RUNG 39999550870758481 9999887717689623 11 351
RUNG 39999348165616009 9999837041404004 7 1000082
RUNG 39999427907278009 9999856976819505 11 101
RUNG 39999539829448369 9999884957362093 3 1109
RUNG 39999626957169049 9999906739292265 11 102665
RUNG 39999331665933049 9999832916483263 3 1397177
RUNG 39999341102199889 9999835275549973 3 3467
RUNG 39999486605718049 9999871651429513 3 4180277
RUNG 39999542972148169 9999885743037045 11 3125865
RUNG 39999668473884529 9999917118471137 19 143
RUNG 39999732093640729 9999933023410187 19 3061
RUNG 39999343879374889 9999835969843725 11 153
RUNG 39999573666052009 9999893416513005 11 153
RUNG 39999682069787449 9999920517446863 3 78137
RUNG 39999779385245689 9999944846311424 7 1084
RUNG 39999496050155041 9999874012538761 3 3767
RUNG 39999550274485201 9999887568621301 3 22613
RUNG 39999614382290809 9999903595572703 3 35794259
RUNG 39999660944886889 9999915236221723 3 174299
RUNG 39999435838565641 9999858959641411 3 2244863
RUNG 39999736475863609 9999934118965903 3 7853
RUNG 39999401963165401 9999850490791352 7 47
RUNG 39999410770483921 9999852692620986 23 462873
RUNG 39999447235192201 9999861808798052 7 200086
RUNG 39999571195188361 9999892798797092 7 236
RUNG 39999712048981441 9999928012245361 3 47189
RUNG 39999486756834721 9999871689208682 7 18604372
RUNG 39999819872777881 9999954968194474 15 1931
RUNG 39999507975672961 9999876993918241 3 8999
RUNG 39999546892871281 9999886723217821 3 449
RUNG 39999364659180481 9999841164795122 7 181
RUNG 39999611392747561 9999902848186893 11 123
RUNG 39999744511293121 9999936127823281 3 113
RUNG 39999380593219441 9999845148304863 11 35727
RUNG 39999425910171121 9999856477542781 3 2691581
RUNG 39999638635604041 9999909658901015 19 349996838061535525
RUNG 39999348894632689 9999837223658174 7 62
RUNG 39999564568771921 9999891142192982 7 1690484
RUNG 39999340636626001 9999835159156501 3 13877
RUNG 39999756939152641 9999939234788161 3 497579
RUNG 39999799380912001 9999949845228004 15 296
RUNG 39999454316993161 9999863579248292 7 353
RUNG 39999490622422321 9999872655605581 3 233
RUNG 39999621678508801 9999905419627201 3 25720853
RUNG 39999753012311401 9999938253077852 7 68
RUNG 39999371600080369 9999842900020093 3 353
RUNG 39999686646011569 9999921661502893 3 218993
RUNG 39999514324382209 9999878581095554 7 64063
RUNG 39999613890168529 9999903472542134 7 349
RUNG 39999365128858249 9999841282214563 3 281
RUNG 39999455811770569 9999863952942643 3 7481
RUNG 39999606542911129 9999901635727784 7 356
RUNG 39999704642512729 9999926160628183 3 2657
RUNG 39999849911196289 9999962477799076 15 1766
RUNG 39999856727525809 9999964181881453 3 8069
RUNG 39999397031651929 9999849257912983 3 5801
RUNG 39999514167150409 9999878541787606 15 41
RUNG 39999579293932129 9999894823483034 7 73
RUNG 39999657685805689 9999914421451424 7 227
RUNG 39999693854418169 9999923463604546 15 1226
RUNG 39999756804385249 9999939201096313 3 144479
RUNG 39999802985120281 9999950746280073 11 674523819
RUNG 39999365328981601 9999841332245405 19 13435
RUNG 39999480843100321 9999870210775081 3 67421
RUNG 39999548475465121 9999887118866281 3 70589
RUNG 39999598248148081 9999899562037022 7 101
RUNG 39999663973247521 9999915993311883 11 141951
RUNG 39999685933345681 9999921483336425 19 111787172135
RUNG 39999600737396161 9999900184349041 3 461
RUNG 39999804330826201 9999951082706552 7 82
RUNG 39999626914310281 9999906728577571 3 87623
RUNG 39999804185844721 9999951046461182 7 4501621
RUNG 39999731762855089 9999932940713773 3 6863
RUNG 39999351588101161 9999837897025292 7 5099
RUNG 39999665621180521 9999916405295131 3 12041
RUNG 39999739828914121 9999934957228531 3 2024471
RUNG 39999487191810169 9999871797952544 7 41
RUNG 39999596992300969 9999899248075243 3 7283
RUNG 39999739900386289 9999934975096574 7 76
RUNG 39999783755237329 9999945938809334 7 62
RUNG 39999428934451561 9999857233612892 7 68
RUNG 39999510840675961 9999877710168991 3 30269
RUNG 39999585317958841 9999896329489711 3 33353
RUNG 39999682692636241 9999920673159061 3 113
RUNG 39999488188327441 9999872047081862 7 31
RUNG 39999662696981761 9999915674245442 7 1018
RUNG 39999703889014081 9999925972253521 3 593
RUNG 39999681826814329 9999920456703585 11 252457
RUNG 39999711873392209 9999927968348053 3 1901
RUNG 39999363674941969 9999840918735493 3 3533
RUNG 39999505159725409 9999876289931354 7 1186
RUNG 39999525531116449 9999881382779113 3 653
RUNG 39999826879043329 9999956719760834 7 388
RUNG 39999408961263361 9999852240315845 19 127
RUNG 39999445938523681 9999861484630921 3 27414767
RUNG 39999662917525921 9999915729381481 3 3041
RUNG 39999663009417721 9999915752354432 7 438142
RUNG 39999740231202361 9999935057800592 7 124
RUNG 39999359339691481 9999839834922873 11 117
RUNG 39999420114885961 9999855028721492 7 244
RUNG 39999662684733481 9999915671183373 11 117
RUNG 39999787910794441 9999946977698611 3 55619
RUNG 39999825719165041 9999956429791263 11 117
RUNG 39999349102945681 9999837275736421 3 4041881
RUNG 39999610637218681 9999902659304674 15 19784001431
RUNG 39999745493540281 9999936373385073 11 21339
RUNG 39999791704905481 9999947926226372 7 677
RUNG 39999382304474881 9999845576118722 7 54206
RUNG 39999537356572081 9999884339143023 11 7781553
RUNG 39999604988936881 9999901247234221 3 417239
RUNG 39999458656350649 9999864664087663 3 6269
RUNG 39999449538644521 9999862384661132 7 10828
RUNG 39999468155923201 9999867038980802 7 916
RUNG 39999664651223209 9999916162805803 3 3761
RUNG 39999755109511129 9999938777377784 7 1966
RUNG 39999382553607481 9999845638401875 19 3159114625
RUNG 39999546535545601 9999886633886403 11 8829
RUNG 39999609203711161 9999902300927792 7 1046
RUNG 39999429393924289 9999857348481075 11 201141
RUNG 39999510591560809 9999877647890204 7 118
RUNG 39999679551992449 9999919887998113 3 169079
RUNG 39999412920787681 9999853230196921 3 16139
RUNG 39999328811202289 9999832202800576 15 86
RUNG 39999738509771569 9999934627442898 23 10756
RUNG 39999575957261761 9999893989315442 7 68
RUNG 39999792346114441 9999948086528611 3 141131
RUNG 39999852825214129 9999963206303534 7 7516
RUNG 39999325147784209 9999831286946054 7 38
RUNG 39999354724691569 9999838681172895 11 6093
RUNG 39999522702901969 9999880675725494 7 542
RUNG 39999584770707769 9999896192676943 3 877199
RUNG 39999610457528929 9999902614382236 15 71
RUNG 39999467616832201 9999866904208054 15 68246
RUNG 39999403506989161 9999850876747292 7 4637
RUNG 39999661059284161 9999915264821045 19 295
RUNG 39999690078716281 9999922519679073 11 9171
RUNG 39999798053623321 9999949513405837 27 449263961
RUNG 39999440314762681 9999860078690671 3 22207193
RUNG 39999534042356641 9999883510589161 3 113
RUNG 39999714746560321 9999928686640086 23 17868
RUNG 39999840399407641 9999960099851911 3 17921
RUNG 39999746871934249 9999936717983564 7 68
RUNG 39999805227311329 9999951306827833 3 1187
RUNG 39999524606090641 9999881151522661 3 593
RUNG 39999593671968121 9999898417992032 7 7489
RUNG 39999602250578161 9999900562644543 11 57802893425691
RUNG 39999746132716561 9999936533179141 3 113
RUNG 39999835890584761 9999958972646192 7 11003
RUNG 39999538367399521 9999884591849882 7 257
RUNG 39999643857143881 9999910964285974 15 71
RUNG 39999767737500481 9999941934375122 7 404
RUNG 39999434552129809 9999858638032453 3 118259
RUNG 39999533803441969 9999883450860494 7 28516
RUNG 39999579077510809 9999894769377710 31 99998947693777100
RUNG 39999731942583169 9999932985645794 7 91474
RUNG 39999558644860201 9999889661215052 7 4682
RUNG 39999630377641489 9999907594410374 7 734
RUNG 39999649370656369 9999912342664094 7 2974
RUNG 39999703384656409 9999925846164104 7 76
RUNG 39999845618868529 9999961404717133 3 271211
RUNG 39999366113162569 9999841528290643 3 1097
RUNG 39999541857251089 9999885464312773 3 1619
RUNG 39999600561817009 9999900140454257 19 107
RUNG 39999568058668969 9999892014667245 11 21863
RUNG 39999628215125329 9999907053781334 7 4612
RUNG 39999439285586089 9999859821396523 3 257
RUNG 39999664163199049 9999916040799763 3 98927
RUNG 39999741003122209 9999935250780553 3 21893
RUNG 39999744774770089 9999936193692523 3 6581
RUNG 39999350891800801 9999837722950202 7 4735363
RUNG 39999840523983841 9999960130995961 3 233
RUNG 39999842059597921 9999960514899482 7 1405477
RUNG 39999473610237241 9999868402559315 19 1025
RUNG 39999535194079561 9999883798519892 7 9274
RUNG 39999493914241801 9999873478560453 11 3357
RUNG 39999527191325641 9999881797831411 3 13751
RUNG 39999602115815281 9999900528953821 3 3623
RUNG 39999349021293841 9999837255323461 3 725663
RUNG 39999728757010201 9999932189252551 3 181607
RUNG 39999771899189881 9999942974797472 7 41
RUNG 39999834261049441 9999958565262362 7 188
RUNG 39999481165787641 9999870291446912 7 2098
RUNG 39999545724882241 9999886431220561 3 557
RUNG 39999656501468161 9999914125367041 3 2351
RUNG 39999485999297449 9999871499824364 7 1756
RUNG 39999740725409089 9999935181352273 3 33641
RUNG 39999485266206481 9999871316551622 7 15286
RUNG 39999520464849961 9999880116212493 11 117
RUNG 39999618425592841 9999904606398211 3 7127
RUNG 39999645915535321 9999911478883832 7 27802
RUNG 39999728199537121 9999932049884282 7 131
RUNG 39999728803980961 9999932200995241 3 26927
RUNG 39999763173556201 9999940793389053 11 117
RUNG 39999518045034601 9999879511258651 3 557
RUNG 39999722279665201 9999930569916301 3 7193
RUNG 39999415550963521 9999853887740881 3 2531
RUNG 39999450937474681 9999862734368671 3 4359533
RUNG 39999451764500881 9999862941125221 3 304757
RUNG 39999385526850481 9999846381712622 7 11155049
RUNG 39999479140090369 9999869785022596 15 356
RUNG 39999691036455049 9999922759113766 15 222356
RUNG 39999843593179369 9999960898294844 7 178
RUNG 39999382851779521 9999845712944881 3 1301
RUNG 39999461043533161 9999865260883292 7 19071268
RUNG 39999711516075481 9999927879018872 7 622
RUNG 39999772889587681 9999943222396922 7 1574
RUNG 39999681118268089 9999920279567023 3 1787
RUNG 39999793695933289 9999948423983324 7 82
RUNG 39999420897028321 9999855224257082 7 229
RUNG 39999493932630961 9999873483157741 3 521
RUNG 39999562193944081 9999890548486022 7 19934
RUNG 39999604588736521 9999901147184132 7 613828
RUNG 39999722710540321 9999930677635082 7 82
RUNG 39999777990605161 9999944497651293 11 395720991
RUNG 39999394483241209 9999848620810306 15 1076
RUNG 39999484827174889 9999871206793728 23 27957256
RUNG 39999503769137929 9999875942284483 3 173
RUNG 39999722022373129 9999930505593284 7 97
RUNG 39999828447374041 9999957111843511 3 89
RUNG 39999852263687089 9999963065921774 7 164
RUNG 39999348772180249 9999837193045065 11 85
RUNG 39999702767982409 9999925691995603 3 1901
RUNG 39999709802810209 9999927450702555 11 85
RUNG 39999774688631209 9999943672157803 3 9461
RUNG 39999334673938249 9999833668484563 3 751853
RUNG 39999764568283129 9999941142070784 7 19
RUNG 39999553439726521 9999888359931633 11 61
RUNG 39999656495359201 9999914123839803 11 14417211
RUNG 39999832939867441 9999958234966862 7 283
RUNG 39999445460737681 9999861365184421 3 173
RUNG 39999486262738921 9999871565684733 11 69291
RUNG 39999635294902201 9999908823725552 7 12893
RUNG 39999814012200961 9999953503050241 3 310697
RUNG 39999348437293249 9999837109323314 7 65761
RUNG 39999374624414209 9999843656103554 7 9026
RUNG 39999425908208209 9999856477052057 19 32369901257177
RUNG 39999663372955729 9999915843238933 3 113
RUNG 39999718030198369 9999929507549593 3 6113
RUNG 39999408495734689 9999852123933674 7 146116
RUNG 39999529155794209 9999882288948556 15 9356
RUNG 39999841947314089 9999960486828525 11 12157
RUNG 39999345288472441 9999836322118111 3 101
RUNG 39999567529811761 9999891882452942 7 31
RUNG 39999686409212401 9999921602303102 7 56479
RUNG 39999442162850641 9999860540712661 3 2083733
RUNG 39999534983778841 9999883745944712 7 2764
RUNG 39999773567564281 9999943391891071 3 1181
RUNG 39999375420817201 9999843855204302 7 263014
RUNG 39999531565405801 9999882891351452 7 592357
RUNG 39999580790824561 9999895197706146 23 94938
RUNG 39999654008168761 9999913502042191 3 54503
RUNG 39999777686363401 9999944421590855 19 31948704222335
RUNG 39999783877830001 9999945969457501 3 902639
RUNG 39999519080378449 9999879770094613 3 1782377
RUNG 39999572596120729 9999893149030184 7 1616324
RUNG 39999706972562929 9999926743140733 3 233
RUNG 39999456216177361 9999864054044342 7 68
RUNG 39999587288598841 9999896822149712 7 68
RUNG 39999632060325841 9999908015081462 7 68
RUNG 39999716711052001 9999929177763002 7 68
RUNG 39999783820654561 9999945955163641 3 149
RUNG 39999395398100329 9999848849525084 7 9274
RUNG 39999397362542809 9999849340635703 3 353
RUNG 39999437782682569 9999859445670643 3 124793
RUNG 39999710435863369 9999927608965845 11 95
RUNG 39999612360766969 9999903090191748 23 15944
RUNG 39999677689710649 9999919422427663 3 375029
RUNG 39999365400537841 9999841350134463 11 16673
RUNG 39999367369064401 9999841842266104 15 446
RUNG 39999455233963369 9999863808490849 27 9066059663183
RUNG 39999612620112289 9999903155028073 3 149
RUNG 39999785881080169 9999946470270043 3 757247
RUNG 39999585005605681 9999896251401421 3 648059
RUNG 39999758566753441 9999939641688361 3 617
RUNG 39999768711608161 9999942177902041 3 113
RUNG 39999360805950529 9999840201487634 7 829
RUNG 39999448546283521 9999862136570882 7 24554
RUNG 39999482533997281 9999870633499322 7 61
RUNG 39999531067161961 9999882766790491 3 1601
RUNG 39999552034828681 9999888008707171 3 1720679
RUNG 39999543962645089 9999885990661274 7 11294
RUNG 39999721571116129 9999930392779034 7 44887
RUNG 39999761219364769 9999940304841200 31 518
RUNG 39999782918082961 9999945729520741 3 55967
RUNG 39999479156465929 9999869789116483 3 773
RUNG 39999628168208809 9999907042052204 7 76
RUNG 39999727503244609 9999931875811154 7 188
RUNG 39999768284825449 9999942071206364 7 356
RUNG 39999611035495609 9999902758873903 3 49121
RUNG 39999648805067449 9999912201266865 11 401385
RUNG 39999725598023689 9999931399505923 3 269
RUNG 39999427106911801 9999856776727951 3 12716411
RUNG 39999519993185281 9999879998296321 3 197
RUNG 39999697413788641 9999924353447163 11 43597573
RUNG 39999332736076081 9999833184019023 11 101
RUNG 39999504083652481 9999876020913121 3 233
RUNG 39999652917737881 9999913229434472 7 227
RUNG 39999494212431601 9999873553107906 23 106
RUNG 39999558146661961 9999889536665492 7 61
RUNG 39999814600339441 9999953650084866 23 3783
RUNG 39999482241994081 9999870560498523 11 58923
RUNG 39999523615766521 9999880903941631 3 4091
RUNG 39999691453076161 9999922863269042 7 6614
RUNG 39999468631799881 9999867157949971 3 3593
RUNG 39999478133412001 9999869533353003 11 196307597
RUNG 39999625977108001 9999906494277001 3 1833803
RUNG 39999697279018681 9999924319754671 3 173
RUNG 39999706835765881 9999926708941473 11 849
RUNG 39999718849087321 9999929712271831 3 54461027
RUNG 39999785015267401 9999946253816852 7 181
RUNG 39999843515631409 9999960878907853 3 101
RUNG 39999583227003409 9999895806750854 7 76
RUNG 39999715747231249 9999928936807815 11 747
RUNG 39999333967432921 9999833491858231 3 68963
RUNG 39999403047604081 9999850761901025 19 561789368646125
RUNG 39999594646091161 9999898661522792 7 2138
RUNG 39999705978111961 9999926494527992 7 31
RUNG 39999539423204089 9999884855801024 7 68
RUNG 39999586216550689 9999896554137674 7 68
RUNG 39999480371492041 9999870092873012 7 173
RUNG 39999660058761841 9999915014690463 11 19959910208963
RUNG 39999792284935921 9999948071233981 3 113
RUNG 39999792478929721 9999948119732431 3 7839173
RUNG 39999366668666161 9999841667166544 15 213176
RUNG 39999426680137681 9999856670034422 7 1471069
RUNG 39999505527386161 9999876381846545 19 1129
RUNG 39999336377045761 9999834094261442 7 41
RUNG 39999663246388561 9999915811597144 15 38265716
RUNG 39999736600549441 9999934150137361 3 101
RUNG 39999748852789441 9999937213197361 3 1709
RUNG 39999811576090129 9999952894022536 15 1286
RUNG 39999368296174681 9999842074043675 19 7615
RUNG 39999411370966441 9999852842741611 3 2609
RUNG 39999781852157521 9999945463039381 3 2705321
RUNG 39999833552526241 9999958388131561 3 1181309
RUNG 39999375633224569 9999843908306143 3 677
RUNG 39999380583129529 9999845145782383 3 4616531
RUNG 39999535232944849 9999883808236214 7 32444
RUNG 39999577517467681 9999894379366927 27 24285457778462537
RUNG 39999709541479801 9999927385369951 3 4793
RUNG 39999424064290849 9999856016072713 3 21011
RUNG 39999541912461289 9999885478115323 3 2243
RUNG 39999779836667809 9999944959166955 11 117
RUNG 39999816103298209 9999954025824555 11 117
RUNG 39999844530537049 9999961132634264 7 38
RUNG 39999330600121201 9999832650030301 3 272039
RUNG 39999566398564081 9999891599641024 15 7736
RUNG 39999652740099361 9999913185024844 15 146
RUNG 39999659866818961 9999914966704741 3 9941
RUNG 39999380099172841 9999845024793211 3 101
RUNG 39999546619366681 9999886654841673 11 20058196149
RUNG 39999682478329921 9999920619582481 3 297659
RUNG 39999446042774761 9999861510693692 7 4742
RUNG 39999763363538521 9999940840884632 7 5582
RUNG 39999460406485969 9999865101621493 3 6131
RUNG 39999504314430049 9999876078607513 3 16619
RUNG 39999713719505929 9999928429876483 3 5052653
RUNG 39999786975648889 9999946743912224 7 38
RUNG 39999796726389889 9999949181597473 3 173
RUNG 39999483697995649 9999870924498914 7 916
RUNG 39999497600203969 9999874400050993 3 7043
RUNG 39999583925403001 9999895981350752 7 31
RUNG 39999352733803369 9999838183450846 15 86
RUNG 39999377793718249 9999844448429563 3 32831
RUNG 39999426406522489 9999856601630623 3 24023
RUNG 39999459042405769 9999864760601445 11 519
RUNG 39999737513358529 9999934378339634 7 38
RUNG 39999388906500409 9999847226625104 7 549652
RUNG 39999667877752969 9999916969438245 11 129313
RUNG 39999587066062849 9999896766515714 7 19
RUNG 39999344230750249 9999836057687564 7 41
RUNG 39999656362691089 9999914090672774 7 19
RUNG 39999804251311969 9999951062827993 3 449567
RUNG 39999329540316721 9999832385079184 15 19496
RUNG 39999762875499001 9999940718874753 11 2096793
RUNG 39999362021006161 9999840505251542 7 157
RUNG 39999401030096281 9999850257524072 7 311
RUNG 39999546768449041 9999886692112261 3 137
RUNG 39999584868831361 9999896217207841 3 6299
RUNG 39999597713262961 9999899428315742 7 140612
RUNG 39999702621025921 9999925655256483 11 243900625737963
RUNG 39999345784747441 9999836446186862 7 3722
RUNG 39999615340153561 9999903835038391 3 1961327
RUNG 39999697873284241 9999924468321064 15 536
RUNG 39999489934393441 9999872483598362 7 4784006
RUNG 39999748072753921 9999937018188482 7 59
RUNG 39999781090498681 9999945272624671 3 73523
RUNG 39999670391510449 9999917597877614 7 94
RUNG 39999800457206209 9999950114301553 3 113
RUNG 39999498106638841 9999874526659711 3 2381
RUNG 39999514779895441 9999878694973861 3 781799
RUNG 39999690746566489 9999922686641624 7 362
RUNG 39999763459526809 9999940864881703 3 9683837
RUNG 39999802830058009 9999950707514503 3 54629
RUNG 39999339613705081 9999834903426272 7 11836963
RUNG 39999657061075321 9999914265268832 7 61
RUNG 39999433576136329 9999858394034086 15 1978961
RUNG 39999607939807441 9999901984951861 3 72870713
RUNG 39999334124706889 9999833531176725 11 153
RUNG 39999546045576049 9999886511394015 11 153
RUNG 39999606048879409 9999901512219854 7 314
RUNG 39999830824390369 9999957706097594 7 566
RUNG 39999910582391761 9999977645597947 27 353
RUNG 39999969625936321 9999992406484081 3 5780231
RUNG 39999967861615129 9999991965403783 3 149
RUNG 39999881748788809 9999970437197204 7 2434
RUNG 39999968363958409 9999992090989604 7 412
RUNG 39999910527261169 9999977631815295 11 19
RUNG 39999966270875209 9999991567718803 3 5689517
RUNG 39999877080696289 9999969270174073 3 6827
RUNG 39999879412707601 9999969853176901 3 1409
RUNG 39999861887924689 9999965471981175 11 35481
RUNG 39999932867193049 9999983216798266 15 2606
RUNG 39999861975735841 9999965493933965 19 549998102166368075
RUNG 39999869100415249 9999967275103814 7 206
RUNG 39999910092330049 9999977523082513 3 269
RUNG 39999927061683241 9999981765420811 3 101
RUNG 39999994285640041 9999998571410012 7 41
RUNG 39999955629824089 9999988907456025 11 549
RUNG 39999877691283721 9999969422820931 3 317
RUNG 39999948174336361 9999987043584093 11 291261758550993
RUNG 39999933812670841 9999983453167711 3 5651
RUNG 39999908809933801 9999977202483453 11 144909
RUNG 39999862978388569 9999965744597143 3 16823
RUNG 39999964251320329 9999991062830087 19 90871
RUNG 39999931096762081 9999982774190522 7 794
RUNG 39999859905122209 9999964976280553 3 104849
RUNG 39999941127263329 9999985281815834 7 1714
RUNG 39999921505301521 9999980376325381 3 15233
RUNG 39999861930827569 9999965482706893 3 1481
RUNG 39999863243859289 9999965810964823 3 9413021
RUNG 39999868787997889 9999967196999475 11 1012965
RUNG 39999877462583809 9999969365645954 7 29153
RUNG 39999963963399001 9999990990849755 19 115103009
RUNG 39999876884687329 9999969221171833 3 617
RUNG 39999878912438041 9999969728109511 3 101
RUNG 39999928711670041 9999982177917512 7 36644
RUNG 39999911003101009 9999977750775255 11 46801201
RUNG 39999948037539169 9999987009384795 11 3750471
RUNG 39999860570840041 9999965142710016 23 10737
RUNG 39999902136565849 9999975534141465 11 62229
RUNG 39999880407219121 9999970101804781 3 1601
RUNG 39999880476649129 9999970119162283 3 523031
RUNG 39999934159839889 9999983539959976 15 5441
RUNG 39999888879646081 9999972219911522 7 5640857
RUNG 39999962280775249 9999990570193813 3 1008419
RUNG 39999904064257201 9999976016064301 3 773
RUNG 39999942456652201 9999985614163054 15 212276
RUNG 39999930255464089 9999982563866025 11 5345
RUNG 39999924872650681 9999981218162671 3 797
RUNG 39999911850564481 9999977962641123 11 153
RUNG 39999937982550529 9999984495637634 7 59
RUNG 39999994032465289 9999998508116325 11 2617
RUNG 39999878040511321 9999969510127833 11 1341
RUNG 39999933289948921 9999983322487232 7 146
RUNG 39999896233055641 9999974058263913 11 171111
RUNG 39999923051168089 9999980762792023 3 21011
RUNG 39999979007148889 9999994751787223 3 149
RUNG 39999951545797489 9999987886449373 3 32441
RUNG 39999920186191681 9999980046547921 3 113
RUNG 39999883027191481 9999970756797871 3 405221
RUNG 39999977420491321 9999994355122832 7 412
RUNG 39999954813069241 9999988703267311 3 4488023
RUNG 39999976642476841 9999994160619212 7 934
RUNG 39999901323876649 9999975330969164 7 47
RUNG 39999879817111561 9999969954277891 3 370547
RUNG 39999865598387809 9999966399596953 3 293
RUNG 39999938370567289 9999984592641824 7 76
RUNG 39999954502684801 9999988625671203 11 23366639
RUNG 39999972111196969 9999993027799244 7 77668
RUNG 39999941878796761 9999985469699193 11 5168343781
RUNG 39999877407512929 9999969351878233 3 137
RUNG 39999904589107369 9999976147276845 11 255
RUNG 39999893741798761 9999973435449691 3 149
RUNG 39999919904415241 9999979976103811 3 9749
RUNG 39999924752218201 9999981188054555 19 83472297062225
RUNG 39999890053884049 9999972513471013 3 4937
RUNG 39999941362181089 9999985340545274 7 41
RUNG 39999989311327081 9999997327831771 3 1109
RUNG 39999922626469129 9999980656617284 7 3499
RUNG 39999976926360049 9999994231590014 7 330067
RUNG 39999979021493089 9999994755373273 3 33287
RUNG 39999908330153209 9999977082538305 11 153
RUNG 39999914629846609 9999978657461653 3 802589
RUNG 39999959272931641 9999989818232912 7 29662
RUNG 39999994300043761 9999998575010941 3 1710167
RUNG 39999907474545769 9999976868636444 7 3086
RUNG 39999922263001009 9999980565750256 15 14052956
RUNG 39999893688737761 9999973422184441 3 14897
RUNG 39999862141263049 9999965535315765 11 171
RUNG 39999916763791009 9999979190947757 19 3377
RUNG 39999921019402369 9999980254850597 19 6446361031
RUNG 39999989797351609 9999997449337904 7 57214
RUNG 39999929083420849 9999982270855213 3 539171
RUNG 39999907227469921 9999976806867483 11 3753
RUNG 39999967780083529 9999991945020883 3 137
RUNG 39999862545595969 9999965636398995 11 57
RUNG 39999916825061449 9999979206265364 7 35318
RUNG 39999950230795801 9999987557698951 3 33311
RUNG 39999992221264321 9999998055316082 7 1594
RUNG 39999910664230609 9999977666057655 11 821
RUNG 39999956775536209 9999989193884054 7 8501
RUNG 39999957669951841 9999989417487961 3 4540337
RUNG 39999977449151281 9999994362287823 11 459
RUNG 39999912181468969 9999978045367244 7 3191
RUNG 39999913002369049 9999978250592263 3 94109
RUNG 39999894734280121 9999973683570031 3 12941
RUNG 39999926022417001 9999981505604251 3 953
RUNG 39999985603018081 9999996400754521 3 12269
RUNG 39999887824020601 9999971956005153 11 8670801
RUNG 39999982668612409 9999995667153103 3 1409
RUNG 39999874313887489 9999968578471874 7 19
RUNG 39999981906933409 9999995476733353 3 89
RUNG 39999912060997729 9999978015249433 3 306821
RUNG 39999950298196849 9999987574549215 11 205
RUNG 39999972297094489 9999993074273624 7 236
RUNG 39999900552064489 9999975138016123 3 257
RUNG 39999902222455081 9999975555613772 7 157
RUNG 39999965276567209 9999991319141810 31 238
RUNG 39999965243894881 9999991310973721 3 89
RUNG 39999883615388761 9999970903847191 3 13001
RUNG 39999967481976121 9999991870494031 3 62633
RUNG 39999975215185129 9999993803796284 7 2887
RUNG 39999932101595041 9999983025398761 3 3719
RUNG 39999961660124041 9999990415031013 11 4702023
RUNG 39999886735634641 9999971683908663 11 41229693
RUNG 39999875038829689 9999968759707425 11 2477
RUNG 39999875177689249 9999968794422313 3 3561293
RUNG 39999886835695609 9999971708923903 3 145121
RUNG 39999947077918801 9999986769479703 11 3692042433
RUNG 39999968417242201 9999992104310551 3 11336903
RUNG 39999937909165441 9999984477291363 11 153
RUNG 39999953152994881 9999988288248721 3 9670877
RUNG 39999873105031921 9999968276257981 3 51719
RUNG 39999943492110001 9999985873027502 7 6473
RUNG 39999968656168921 9999992164042236 23 296
RUNG 39999956787834481 9999989196958622 7 1844
RUNG 39999997988033521 9999999497008381 3 1277
RUNG 39999978327273409 9999994581818354 7 30292
RUNG 39999914850460321 9999978712615082 7 12157
RUNG 39999924833994241 9999981208498561 3 3533
RUNG 39999940768039729 9999985192009934 7 19
RUNG 39999944990978449 9999986247744614 7 3022
RUNG 39999971976537169 9999992994134294 7 88969
RUNG 39999873335796721 9999968333949181 3 241463
RUNG 39999918121819681 9999979530454921 3 2357
RUNG 39999955883225209 9999988970806303 3 347099
RUNG 39999939532612921 9999984883153232 7 124
RUNG 39999906414811729 9999976603702933 3 1499291
RUNG 39999912095767009 9999978023941756 15 3221
RUNG 39999981549634129 9999995387408536 15 1696676
RUNG 39999943292015281 9999985823003821 3 20231
RUNG 39999870958877449 9999967739719365 11 211955
RUNG 39999905865512041 9999976466378012 7 2308
RUNG 39999932375276161 9999983093819043 11 106874283
RUNG 39999957637353001 9999989409338252 7 439
RUNG 39999969597581281 9999992399395327 27 353
RUNG 39999914629948729 9999978657487184 7 19
RUNG 39999879629383249 9999969907345813 3 2063
RUNG 39999905934942529 9999976483735633 3 2243
RUNG 39999870662790481 9999967665697621 3 2753
RUNG 39999897094956241 9999974273739064 15 1151
RUNG 39999993658945609 9999998414736403 3 1097
RUNG 39999880917918769 9999970229479693 3 151049
RUNG 39999905322339481 9999976330584872 7 173
RUNG 39999997461227281 9999999365306822 7 97
RUNG 39999883842121921 9999970960530481 3 452531
RUNG 39999965139818401 9999991284954601 3 1132949
RUNG 39999991435169089 9999997858792274 7 6628
RUNG 39999956354964841 9999989088741212 7 514
RUNG 39999942650836081 9999985662709021 3 2013377
RUNG 39999982562509369 9999995640627343 3 5309
RUNG 39999991022681089 9999997755670277 19 79603
RUNG 39999953553289321 9999988388322332 7 199
RUNG 39999885251137249 9999971312784314 7 4084
RUNG 39999955583078929 9999988895769734 7 31
RUNG 39999971459939929 9999992864984986 15 71
RUNG 39999948627892009 9999987156973003 3 745859
RUNG 39999894370891009 9999973592722753 3 50789
RUNG 39999885831081289 9999971457770324 7 124
RUNG 39999982760593969 9999995690148493 3 1265597
RUNG 39999952832456761 9999988208114192 7 1304348
RUNG 39999928481131921 9999982120282982 7 2901092
RUNG 39999985584740281 9999996396185072 7 7853
RUNG 39999882576075601 9999970644018902 7 94
RUNG 39999977604449041 9999994401112265 19 8107
RUNG 39999882661850281 9999970665462572 7 244
RUNG 39999983548836529 9999995887209136 15 461
RUNG 39999862780549081 9999965695137272 7 388
RUNG 39999915238514641 9999978809628663 11 91449
RUNG 39999913139298841 9999978284824711 3 1031
RUNG 39999868759644049 9999967189911014 7 13996
RUNG 39999936941317609 9999984235329403 3 8087
RUNG 39999861579833401 9999965394958353 11 2273
RUNG 39999860854911169 9999965213727793 3 6264527
RUNG 39999874152678049 9999968538169513 3 7691
RUNG 39999923996832409 9999980999208105 11 453
RUNG 39999904601541889 9999976150385475 11 205
RUNG 39999987949447681 9999996987361921 3 151091
RUNG 39999898575484201 9999974643871051 3 7829
RUNG 39999890386904809 9999972596726203 3 115133
RUNG 39999933424939849 9999983356234963 3 290657
RUNG 39999935485358521 9999983871339633 11 1049206155843
RUNG 39999880464632929 9999970116158234 7 68
RUNG 39999890348106529 9999972587026634 7 68
RUNG 39999909445264609 9999977361316153 3 56543
RUNG 39999867916302121 9999966979075533 11 237
RUNG 39999888834963961 9999972208740991 3 977
RUNG 39999894444447841 9999973611111961 3 13463
RUNG 39999900754355161 9999975188588792 7 122167
RUNG 39999941972932561 9999985493233141 3 8543
RUNG 39999953959708681 9999988489927172 7 887
RUNG 39999873552344161 9999968388086044 15 57416
RUNG 39999889639539769 9999972409884943 3 101
RUNG 39999895061155969 9999973765288994 7 3548
RUNG 39999989031752929 9999997257938233 3 1889
RUNG 39999959246558809 9999989811639704 7 236
RUNG 39999944874683641 9999986218670911 3 5591
RUNG 39999905036526241 9999976259131562 7 1868
RUNG 39999910351956601 9999977587989151 3 881
RUNG 39999869770500721 9999967442625182 7 94
RUNG 39999873444131329 9999968361032834 7 19
RUNG 39999905728783729 9999976432195936 15 146
RUNG 39999883390908841 9999970847727214 15 247139411
RUNG 39999864495913921 9999966123978482 7 857
RUNG 39999878526772921 9999969631693231 3 173
RUNG 39999897803630521 9999974450907632 7 203341
RUNG 39999984028770481 9999996007192621 3 5173943
RUNG 39999896092404481 9999974023101123 11 13023
RUNG 39999915941035681 9999978985258921 3 46679
RUNG 39999959487540649 9999989871885166 15 127388406011276
RUNG 39999964621230961 9999991155307743 11 167
RUNG 39999975752391001 9999993938097753 11 1111110437566417
RUNG 39999889457826169 9999972364456543 3 3455801
RUNG 39999918115815529 9999979528953884 7 31
RUNG 39999994549373401 9999998637343351 3 941
RUNG 39999965807667121 9999991451916781 3 389
RUNG 39999971892952369 9999992973238094 7 2719
RUNG 39999998267941009 9999999566985255 11 41
RUNG 39999895820838241 9999973955209561 3 1926863
RUNG 39999900209182369 9999975052295595 11 123
RUNG 39999924966881881 9999981241720472 7 19659316
RUNG 39999924258294361 9999981064573594 15 16852826
RUNG 39999898892073961 9999974723018492 7 99916
RUNG 39999974772238321 9999993693059581 3 1049
RUNG 39999907801494601 9999976950373652 7 18346
RUNG 39999908273205841 9999977068301461 3 3521513
RUNG 39999925908263281 9999981477065822 7 188
RUNG 39999955221747481 9999988805436871 3 233
RUNG 39999993622309681 9999998405577421 3 173
RUNG 39999974753860489 9999993688465124 7 187897
RUNG 39999950235087649 9999987558771914 7 76
RUNG 39999965090928649 9999991272732164 7 2372
RUNG 39999874622433049 9999968655608264 7 76
RUNG 39999928901898289 9999982225474574 7 76
RUNG 39999988474337329 9999997118584333 3 12503
RUNG 39999998078052769 9999999519513195 11 285
RUNG 39999907207273729 9999976801818433 3 101
RUNG 39999940000398361 9999985000099591 3 149
RUNG 39999928117769281 9999982029442322 7 122
RUNG 39999892643458801 9999973160864701 3 13397
RUNG 39999901356843481 9999975339210871 3 113
RUNG 39999945399562801 9999986349890702 7 202
RUNG 39999986183188441 9999996545797112 7 2341
RUNG 39999907101107641 9999976775276911 3 2729429
RUNG 39999960955829449 9999990238957364 7 12724
RUNG 39999889796864449 9999972449216113 3 2357
RUNG 39999988507036009 9999997126759004 7 20044
RUNG 39999994216581169 9999998554145296 15 43916
RUNG 39999972803750569 9999993200937643 3 26783
RUNG 39999882190276009 9999970547569006 15 718196
RUNG 39999922320446449 9999980580111613 3 25577
RUNG 39999975658531249 9999993914632814 7 12743
RUNG 39999891834831601 9999972958707901 3 215393
RUNG 39999919353362641 9999979838340661 3 12269
RUNG 39999942095562289 9999985523890573 3 37607
RUNG 39999987594255649 9999996898563914 7 76
RUNG 39999865662006121 9999966415501531 3 9677
RUNG 39999910958537401 9999977739634353 11 31719
RUNG 39999860610000769 9999965152500193 3 633653
RUNG 39999990363264649 9999997590816163 3 1913
RUNG 39999861839313601 9999965459828402 7 404
RUNG 39999963198011569 9999990799502894 7 787
RUNG 39999973749232249 9999993437308065 11 255
RUNG 39999973577703049 9999993394425764 7 103
RUNG 39999874814439409 9999968703609854 7 1640596
RUNG 39999876948374281 9999969237093572 7 68
RUNG 39999928436373049 9999982109093264 7 542
RUNG 39999928448626441 9999982112156611 3 4109093
RUNG 39999921509777161 9999980377444292 7 33809
RUNG 39999929620761289 9999982405190323 3 89
RUNG 39999969209791369 9999992302447843 3 96516659
RUNG 39999884230298281 9999971057574571 3 5081
RUNG 39999868020586321 9999967005146582 7 103
RUNG 39999931301364241 9999982825341061 3 137
RUNG 39999982139992081 9999995534998022 7 51698
RUNG 39999872096500801 9999968024125201 3 769289
RUNG 39999927701253529 9999981925313384 7 22469
RUNG 39999911912202841 9999977978050712 7 94
RUNG 39999909249385201 9999977312346303 11 123
RUNG 39999975930159961 9999993982539991 3 773
RUNG 39999862366191289 9999965591547826 15 31902039956
RUNG 39999862137483361 9999965534370842 7 113083
RUNG 39999996599693881 9999999149923473 11 127
RUNG 39999929943424609 9999982485856153 3 12239
RUNG 39999958993485649 9999989748371413 3 9048917
RUNG 39999905759547889 9999976439886973 3 736577
RUNG 39999928503790369 9999982125947597 19 606571
RUNG 39999894446650009 9999973611662503 3 1613
RUNG 39999912169515841 9999978042378961 3 2939
RUNG 39999888394047409 9999972098511855 11 79943
RUNG 39999999638262049 9999999909565516 15 206
RUNG 39999877293521161 9999969323380291 3 101
RUNG 39999896229359089 9999974057339775 11 1735
RUNG 39999943130939401 9999985782734852 7 3369098
RUNG 39999882269979361 9999970567494841 3 389
RUNG 39999987226752001 9999996806688004 15 10573406
RUNG 39999951442043881 9999987860510972 7 82
RUNG 39999940962295609 9999985240573904 7 68
RUNG 39999967931517889 9999991982879473 3 135077
RUNG 39999956614534921 9999989153633734 15 101
RUNG 39999982001179489 9999995500294873 3 81239867
RUNG 39999985742196841 9999996435549222 47 31854
RUNG 39999864943279609 9999966235819903 3 19463
RUNG 39999926815049569 9999981703762394 7 966458
RUNG 39999934676904049 9999983669226015 11 173
RUNG 39999876564530089 9999969141132523 3 233
RUNG 39999906484501321 9999976621125333 11 1043947867327
RUNG 39999931856852881 9999982964213221 3 1858541
RUNG 39999997277689201 9999999319422301 3 118619
RUNG 39999983481669121 9999995870417281 3 68633
RUNG 39999918367141321 9999979591785331 3 6869
RUNG 39999927562447441 9999981890611861 3 14813
RUNG 39999863250441361 9999965812610341 3 1022519
RUNG 39999889676481001 9999972419120252 7 68
RUNG 39999913031292481 9999978257823121 3 101
RUNG 39999917037774961 9999979259443741 3 2402753
RUNG 39999910002947449 9999977500736863 3 86399
RUNG 39999903609324649 9999975902331163 3 5381
RUNG 39999950092281481 9999987523070371 3 2682569
RUNG 39999964958332681 9999991239583171 3 157559
RUNG 39999881904483601 9999970476120904 15 296
RUNG 39999895857743761 9999973964435942 7 3914756
RUNG 39999959712334801 9999989928083702 7 388
RUNG 39999964696955761 9999991174238942 7 761
RUNG 39999928538554009 9999982134638506 15 41
RUNG 39999870820294009 9999967705073508 23 3448
RUNG 39999945456856009 9999986364214003 3 3347
RUNG 39999984196400089 9999996049100024 7 124
RUNG 39999954864537721 9999988716134431 3 284261
RUNG 39999926906970241 9999981726742561 3 74221247
RUNG 39999921932567041 9999980483141762 7 5044532
RUNG 39999974635577401 9999993658894352 7 794
RUNG 39999983114128489 9999995778532124 7 3076
RUNG 39999901011875809 9999975252968954 7 38
RUNG 39999917201170081 9999979300292527 27 93206183
RUNG 39999869774793289 9999967443698323 3 4078397
RUNG 39999961007014369 9999990251753595 11 4443
RUNG 39999911436494689 9999977859123673 3 28307
RUNG 39999927305187721 9999981826296933 11 2962647
RUNG 39999984274019641 9999996068504911 3 113
RUNG 39999864524710561 9999966131177641 3 215681
RUNG 39999880424035249 9999970106008814 7 31
RUNG 39999909353615929 9999977338403983 3 1109
RUNG 39999982048204369 9999995512051094 7 51197
RUNG 39999901452971329 9999975363242834 7 41
RUNG 39999994966154161 9999998741538543 11 23481
RUNG 39999894401810641 9999973600452666 23 204
RUNG 39999886842180409 9999971710545104 7 1669
RUNG 39999869689044841 9999967422261215 19 66501967
RUNG 39999915246957241 9999978811739316 23 39276
RUNG 39999898389917281 9999974597479322 7 10748
RUNG 39999956908657729 9999989227164438 23 1111109914129382
RUNG 39999960874299409 9999990218574854 7 15956
RUNG 39999935718408961 9999983929602241 3 3696401
RUNG 39999902569974169 9999975642493544 7 3902
RUNG 39999961021327129 9999990255331783 3 1697261
RUNG 39999997306335889 9999999326583974 7 7346
RUNG 39999976904319721 9999994226079931 3 65099
RUNG 39999860810261881 9999965202565471 3 8573
RUNG 39999921736567321 9999980434141831 3 101
RUNG 39999961158153481 9999990289538372 7 120182
RUNG 39999985997528761 9999996499382193 11 1111110722153577
RUNG 39999995927969401 9999998981992353 11 361445746337073
RUNG 39999911497785409 9999977874446354 7 244
RUNG 39999951615703249 9999987903925817 19 211480106729549
RUNG 39999896637861241 9999974159465311 3 302111
RUNG 39999889848079561 9999972462019892 7 4058
RUNG 39999989738551441 9999997434637862 7 164
RUNG 39999963208368409 9999990802092104 7 124
RUNG 39999984629372161 9999996157343041 3 943541
RUNG 39999876580955281 9999969145238826 23 12366
RUNG 39999926494539001 9999981623634752 7 1382
RUNG 39999943782450961 9999985945612742 7 362
RUNG 39999961654387849 9999990413596964 7 76
RUNG 39999870691716961 9999967672929241 3 15083
RUNG 39999940919521489 9999985229880375 11 83305
RUNG 39999873675144601 9999968418786153 11 747
RUNG 39999867114070249 9999966778517564 7 2917
RUNG 39999886335792769 9999971583948195 11 2857
RUNG 39999867506143801 9999966876535952 7 360874
RUNG 39999946402402561 9999986600600641 3 173
RUNG 39999936821153521 9999984205288382 7 613108
RUNG 39999996469141921 9999999117285485 19 1595
RUNG 39999957425337529 9999989356334385 11 27705
RUNG 39999962175126409 9999990543781604 7 158324
RUNG 39999910433917009 9999977608479253 3 89
RUNG 39999920378652529 9999980094663134 7 733
RUNG 39999916506950761 9999979126737691 3 15887
RUNG 39999913190678809 9999978297669705 11 132761
RUNG 39999929541293089 9999982385323273 3 4080449
RUNG 39999912586236961 9999978146559243 11 431
RUNG 39999981921663121 9999995480415783 11 14643
RUNG 39999891308180281 9999972827045071 3 773
RUNG 39999910254228409 9999977563557106 15 86
RUNG 39999996865312969 9999999216328245 11 41
RUNG 39999930987064129 9999982746766035 11 447
RUNG 39999937194866401 9999984298716605 19 15778297
RUNG 39999966567569761 9999991641892443 11 248943
RUNG 39999943827412969 9999985956853244 7 47
RUNG 39999994743638521 9999998685909632 7 1543
RUNG 39999935075230321 9999983768807581 3 92051
RUNG 39999958432085089 9999989608021275 11 7435
RUNG 39999884261111041 9999971065277761 3 18869
RUNG 39999975717959401 9999993929489852 7 64857236
RUNG 39999905808721609 9999976452180403 3 29759
RUNG 39999951889396321 9999987972349083 11 549
RUNG 39999874730915761 9999968682728941 3 701
RUNG 39999959847227041 9999989961806763 11 12231
RUNG 39999980265585001 9999995066396251 3 247337
RUNG 39999884691987529 9999971172996884 7 124
RUNG 39999890319851401 9999972579962851 3 7487
RUNG 39999915922951009 9999978980737753 3 247391
RUNG 39999946755712969 9999986688928244 7 166183
RUNG 39999883593375721 9999970898343932 7 11219731
RUNG 39999903981106969 9999975995276746 15 2771801
RUNG 39999912686324809 9999978171581204 7 68
RUNG 39999914446564081 9999978611641022 7 2344922
RUNG 39999982595565001 9999995648891251 3 1187
RUNG 39999942236687161 9999985559171795 19 91085
RUNG 39999950149594009 9999987537398505 11 303
RUNG 39999975920140681 9999993980035171 3 2411
RUNG 39999955548750289 9999988887187578 23 47732643852924
RUNG 39999977075936089 9999994268984023 3 42511043
RUNG 39999889382571889 9999972345642974 7 908
RUNG 39999896735958721 9999974183989682 7 41
RUNG 39999921526324321 9999980381581081 3 357689
RUNG 39999939559579561 9999984889894891 3 2384849
RUNG 39999960361841041 9999990090460261 3 113
RUNG 39999899711211049 9999974927802764 7 19
RUNG 39999933737723569 9999983434430893 3 521
RUNG 39999967835710801 9999991958927701 3 269
RUNG 39999957176268961 9999989294067242 7 7556
RUNG 39999982957024561 9999995739256142 7 1028
RUNG 39999916843938529 9999979210984633 3 2003
RUNG 39999956522817769 9999989130704445 11 707247
RUNG 39999982097326969 9999995524331743 3 1361
RUNG 39999868176000121 9999967044000031 3 5021
RUNG 39999984298646761 9999996074661691 3 617
RUNG 39999960774346609 9999990193586653 3 197
RUNG 39999887030160121 9999971757540031 3 8423
RUNG 39999876078700561 9999969019675141 3 7187
RUNG 39999881990406361 9999970497601591 3 9623
RUNG 39999913352063809 9999978338015956 15 41
RUNG 39999924744604969 9999981186151243 3 7393091
RUNG 39999991057812241 9999997764453062 7 68
RUNG 39999989722321729 9999997430580433 3 461
RUNG 39999924411761161 9999981102940291 3 26711
RUNG 39999890509815889 9999972627453974 7 2876
RUNG 39999907742591449 9999976935647864 7 188
RUNG 39999908347037809 9999977086759454 7 244
RUNG 39999994176021049 9999998544005264 7 23591714
RUNG 39999984204739969 9999996051184993 3 24659
RUNG 39999909131182009 9999977282795503 3 113
RUNG 39999941503642129 9999985375910533 3 4679
RUNG 39999881157279289 9999970289319824 7 17393
RUNG 39999887412047809 9999971853011954 7 124
RUNG 39999867912609049 9999966978152263 3 1181
RUNG 39999938273139961 9999984568284991 3 11423
RUNG 39999927264504601 9999981816126151 3 389
RUNG 39999880893863881 9999970223465975 19 1063107325625
RUNG 39999942055003921 9999985513750985 19 113
RUNG 39999986009914921 9999996502478732 7 283
RUNG 39999945295725529 9999986323931383 3 108887
RUNG 39999984772447561 9999996193111891 3 175493
RUNG 39999883472969809 9999970868242454 7 361462
RUNG 39999885725343889 9999971431335974 7 128204
RUNG 39999916897084489 9999979224271125 11 167955
RUNG 39999937509436249 9999984377359067 19 637
RUNG 39999868719240049 9999967179810014 7 262
RUNG 39999873511909249 9999968377977316 15 3911
RUNG 39999983467595089 9999995866898773 3 15971
RUNG 39999895079936401 9999973769984102 7 89
RUNG 39999988362365641 9999997090591412 7 3722
RUNG 39999881890410289 9999970472602573 3 2671787
RUNG 39999924989708161 9999981247427041 3 173
RUNG 39999931842794401 9999982960698603 11 4149
RUNG 39999974311100281 9999993577775073 11 453
RUNG 39999874643212969 9999968660803244 7 76
RUNG 39999996361051609 9999999090262904 7 236
RUNG 39999936563995489 9999984140998874 7 97646
RUNG 39999909582522289 9999977395630573 3 48779
RUNG 39999962389676689 9999990597419174 7 1244
RUNG 39999983179685929 9999995794921487 19 26977101859091350313
RUNG 39999935189705401 9999983797426351 3 6311
RUNG 39999916200775969 9999979050193996 15 16931
RUNG 39999888641404561 9999972160351142 7 244
RUNG 39999952381642009 9999988095410503 3 4217
RUNG 39999943359914521 9999985839978632 7 18392587
RUNG 39999962250827569 9999990562706896 15 13526
RUNG 39999951017566849 9999987754391714 7 236
RUNG 39999996994099081 9999999248524771 3 2837
RUNG 39999889417390681 9999972354347672 7 14447
RUNG 39999997733319121 9999999433329782 7 796
RUNG 39999869043958849 9999967260989713 3 137
RUNG 39999914783613409 9999978695903355 11 2243
RUNG 39999923613394369 9999980903348593 3 653
RUNG 39999957511259761 9999989377814942 7 911062
RUNG 39999993059094121 9999998264773532 7 53189
RUNG 39999927511655329 9999981877913834 7 236
RUNG 39999973057315681 9999993264328921 3 12859163
RUNG 39999958816129321 9999989704032333 11 549
RUNG 39999982411902241 9999995602975562 7 397
RUNG 39999989134298209 9999997283574553 3 19433
RUNG 39999965714145889 9999991428536474 7 59
RUNG 39999944852665561 9999986213166393 11 502116568857
RUNG 39999899578605409 9999974894651353 3 113717
RUNG 39999879999526561 9999969999881641 3 1217
RUNG 39999955959331369 9999988989832843 3 101
RUNG 39999980408677129 9999995102169284 7 4295534
RUNG 39999971862739849 9999992965684965 11 1613
RUNG 39999994525300489 9999998631325124 7 761
RUNG 39999863648919001 9999965912229753 11 43401419
RUNG 39999991907411761 9999997976852942 7 124
RUNG 39999914667255481 9999978666813871 3 11515631
RUNG 39999983841362689 9999995960340674 7 164
RUNG 39999889827883441 9999972456970862 7 292
RUNG 39999980541426481 9999995135356622 7 1574
RUNG 39999959792259289 9999989948064823 3 334643
RUNG 39999980024795569 9999995006198894 7 3758
RUNG 39999870183465721 9999967545866431 3 1511
RUNG 39999945299909401 9999986324977351 3 4013
RUNG 39999872576741281 9999968144185323 11 9033
RUNG 39999880612170481 9999970153042622 7 1609
RUNG 39999978489190129 9999994622297533 3 78791
RUNG 39999928685881921 9999982171470481 3 677
RUNG 39999980988652801 9999995247163201 3 10133
RUNG 39999928698135169 9999982174533793 3 1871147
RUNG 39999931857171049 9999982964292763 3 137
RUNG 39999942935240401 9999985733810101 3 59250881
RUNG 39999976479832009 9999994119958003 3 35759
RUNG 39999953223040561 9999988305760142 7 5284
RUNG 39999892741900249 9999973185475065 11 117
RUNG 39999982015804969 9999995503951244 7 178
RUNG 39999859758875641 9999964939718915 19 484855
RUNG 39999908935282921 9999977233820731 3 1187
RUNG 39999911871736441 9999977967934115 19 5021275
RUNG 39999986998388041 9999996749597013 11 3123
RUNG 39999868629498649 9999967157374663 3 33941
RUNG 39999969005974849 9999992251493715 11 61
RUNG 39999994713216409 9999998678304103 3 1049
RUNG 39999951791581609 9999987947895403 3 5009
RUNG 39999982724403601 9999995681100902 7 3188
RUNG 39999895167857689 9999973791964424 7 236
RUNG 39999932112449761 9999983028112443 11 9127
RUNG 39999924708015001 9999981177003753 11 117
RUNG 39999941324096329 9999985331024083 3 5813
RUNG 39999902545757449 9999975636439363 3 773
RUNG 39999939447465001 9999984861866253 11 205883
RUNG 39999992775339601 9999998193834901 3 113
RUNG 39999921591870529 9999980397967634 7 655388
RUNG 39999934395461329 9999983598865335 11 11061
RUNG 39999969244915969 9999992311228993 3 28319
RUNG 39999903527986249 9999975881996563 3 2531
RUNG 39999963320959849 9999990830239963 3 7541
RUNG 39999972228339841 9999993057084962 7 269
RUNG 39999889709504209 9999972427376053 3 3251
RUNG 39999867193972849 9999966798493213 3 7919
RUNG 39999942935278489 9999985733819624 7 13292
RUNG 39999911977953841 9999977994488466 23 3644
RUNG 39999959439047521 9999989859761882 7 178
RUNG 39999924248573041 9999981062143262 7 458
RUNG 39999873475292329 9999968368823083 3 60413
RUNG 39999874363581889 9999968590895474 7 397
RUNG 39999889264349569 9999972316087396 15 14263976
RUNG 39999897579536449 9999974394884114 7 76
RUNG 39999957750287089 9999989437571774 7 97
RUNG 39999965164934329 9999991291233584 7 83474
RUNG 39999893354557249 9999973338639313 3 173
RUNG 39999869601549841 9999967400387461 3 1787
RUNG 39999894896299321 9999973724074831 3 119849
RUNG 39999901298095489 9999975324523873 3 89
RUNG 39999896989391161 9999974247347791 3 487013
RUNG 39999879907727401 9999969976931853 11 508473049674501
RUNG 39999972232439881 9999993058109971 3 23567
RUNG 39999968372988121 9999992093247031 3 2880347
RUNG 39999941644727689 9999985411181926 15 1061
RUNG 39999875888999569 9999968972249893 3 7937
RUNG 39999996240712489 9999999060178123 3 1901
RUNG 39999917295448009 9999979323862004 7 24097
RUNG 39999878772365521 9999969693091381 3 57089
RUNG 39999966069576529 9999991517394133 3 8069
RUNG 39999944052303481 9999986013075871 3 6698309
RUNG 39999989118084241 9999997279521061 3 3564317
RUNG 39999964740211921 9999991185052981 3 197
RUNG 39999903152286169 9999975788071544 7 4064597
RUNG 39999969810597889 9999992452649476 15 10916
RUNG 39999999107753281 9999999776938321 3 2069
RUNG 39999944072733649 9999986018183414 7 1718
RUNG 39999912800936089 9999978200234023 3 89
RUNG 39999893111588281 9999973277897071 3 3860939
RUNG 39999988137919681 9999997034479921 3 8297
RUNG 39999912290430481 9999978072607621 3 4673
RUNG 39999987200627689 9999996800156925 11 1464195
RUNG 39999926229399049 9999981557349767 19 2827938149
RUNG 39999956776275409 9999989194068853 3 28619
RUNG 39999934736538841 9999983684134714 15 23516
RUNG 39999888329143681 9999972082285922 7 148762
RUNG 39999935093907721 9999983773476931 3 1031
RUNG 39999977909361649 9999994477340416 15 41
RUNG 39999880067061121 9999970016765281 3 173
RUNG 39999909978867721 9999977494716937 27 26611763
RUNG 39999881645567089 9999970411391775 11 865
RUNG 39999951485378329 9999987871344583 3 37643
RUNG 39999996894225601 9999999223556402 7 1756
RUNG 39999859571122441 9999964892780612 7 1396
RUNG 39999952806584761 9999988201646191 3 653
RUNG 39999950254036081 9999987563509022 7 82
RUNG 39999989843065849 9999997460766464 7 1259
RUNG 39999994090510609 9999998522627655 11 19
RUNG 39999880034408641 9999970008602162 7 164
RUNG 39999899519558281 9999974879889573 11 141077
RUNG 39999935859702289 9999983964925573 3 173
RUNG 39999901884245689 9999975471061423 3 3389
RUNG 39999938353038049 9999984588259513 3 16010699
RUNG 39999952067380321 9999988016845081 3 4673
RUNG 39999994511181721 9999998627795431 3 2695697
RUNG 39999910078954081 9999977519738521 3 4679
RUNG 39999909619495849 9999977404873963 3 50291
RUNG 39999965695956289 9999991423989074 7 9421
RUNG 39999893967259801 9999973491814951 3 11740529
RUNG 39999931275331801 9999982818832952 7 122
RUNG 39999879342173521 9999969835543381 3 7187
RUNG 39999916768682641 9999979192170662 7 68
RUNG 39999874282001929 9999968570500485 11 50665
RUNG 39999993616779121 9999998404194781 3 761
RUNG 39999895545770449 9999973886442613 3 701
RUNG 39999929363994889 9999982340998724 7 244
RUNG 39999864304600729 9999966076150185 11 1406919
RUNG 39999931350900361 9999982837725092 7 362
RUNG 39999962228588041 9999990557147011 3 3407
RUNG 39999879807771241 9999969951942813 11 71142117
RUNG 39999932696607601 9999983174151902 7 16747
RUNG 39999898278024721 9999974569506182 7 68
RUNG 39999973557830521 9999993389457634 15 2253126641
RUNG 39999922028993809 9999980507248453 3 137
RUNG 39999873487662169 9999968371915544 7 1396
RUNG 39999888543623089 9999972135905773 3 941
RUNG 39999970652009449 9999992663002365 11 72783
RUNG 39999891504583609 9999972876145903 3 33311717
RUNG 39999903342289489 9999975835572374 7 22228
RUNG 39999999199731481 9999999799932871 3 137
RUNG 39999981656566369 9999995414141594 7 31
RUNG 39999908845590961 9999977211397741 3 22349
RUNG 39999934462983049 9999983615745769 27 160279737393173077343
RUNG 39999940137812209 9999985034453053 3 7043
RUNG 39999977159997409 9999994289999355 11 6547
RUNG 39999878329346329 9999969582336583 3 4373
RUNG 39999866518189561 9999966629547392 7 164
RUNG 39999985663055401 9999996415763852 7 113326
RUNG 39999990523110601 9999997630777651 3 1013
RUNG 39999945340934881 9999986335233721 3 2711
RUNG 39999898320923041 9999974580230761 3 45659
RUNG 39999892917690721 9999973229422682 7 229
RUNG 39999926662403569 9999981665600893 3 14207
RUNG 39999928157178721 9999982039294683 11 48309091977269
RUNG 39999878766358729 9999969691589688 23 122031544
RUNG 39999963370117969 9999990842529493 3 7577
RUNG 39999895954211449 9999973988552864 7 367
RUNG 39999980782596409 9999995195649103 3 89
RUNG 39999887661490849 9999971915372714 7 19
RUNG 39999945602333809 9999986400583454 7 124
RUNG 39999999222220249 9999999805555066 15 338966
RUNG 39999891110498881 9999972777624723 11 7433
RUNG 39999994938029281 9999998734507323 11 723
RUNG 39999942149255449 9999985537313864 7 30068
RUNG 39999924493778209 9999981123444554 7 76
RUNG 39999871854073609 9999967963518407 19 5677
RUNG 39999889654537849 9999972413634463 3 31121
RUNG 39999944979527569 9999986244881895 11 2151
RUNG 39999990357740449 9999997589435115 11 54357
RUNG 39999996063200209 9999999015800053 3 3701
RUNG 39999974101063729 9999993525265936 15 881
RUNG 39999917844904609 9999979461226156 15 1256
RUNG 39999919113011761 9999979778252942 7 1762
RUNG 39999979477756489 9999994869439128 23 419
RUNG 39999943531731481 9999985882932873 11 29499
RUNG 39999888392569249 9999972098142314 7 94
RUNG 39999997999066249 9999999499766564 7 59
RUNG 39999936311080201 9999984077770052 7 292
RUNG 39999988550551969 9999997137637996 15 776
RUNG 39999927068815921 9999981767203982 7 73
RUNG 39999859842818929 9999964960704733 3 7643
RUNG 39999905782592809 9999976445648205 11 615
RUNG 39999875399080249 9999968849770063 3 184721
RUNG 39999953543869489 9999988385967375 11 18801
RUNG 39999903438334849 9999975859583715 11 293655
RUNG 39999880461302161 9999970115325542 7 4955452
RUNG 39999927540536209 9999981885134054 7 1468
RUNG 39999938790134569 9999984697533644 7 61
RUNG 39999960399001849 9999990099750466 15 3326
RUNG 39999861082345609 9999965270586405 11 255
RUNG 39999876369057049 9999969092264263 3 7499
RUNG 39999880643053489 9999970160763374 7 38
RUNG 39999949833494809 9999987458373703 3 46889
RUNG 39999984160188361 9999996040047093 11 41
RUNG 39999905194505881 9999976298626476 23 424
RUNG 39999953264127481 9999988316031871 3 881
RUNG 39999958681661281 9999989670415321 3 2339
RUNG 39999867610761529 9999966902690387 19 659
RUNG 39999985213887169 9999996303471795 11 2529
RUNG 39999882072488881 9999970518122222 7 346
RUNG 39999943433752129 9999985858438033 3 371831
RUNG 39999902664423601 9999975666105903 11 18543711
RUNG 39999973480330081 9999993370082527 27 53363777
RUNG 39999872574966529 9999968143741634 7 1921883
RUNG 39999886119817849 9999971529954465 11 57
RUNG 39999997421208889 9999999355302223 3 4391
RUNG 39999912482555281 9999978120638822 7 6884
RUNG 39999879697603849 9999969924400967 19 12724920827269
RUNG 39999905268032329 9999976317008083 3 1289
RUNG 39999975814390201 9999993953597551 3 223061
RUNG 39999964168636201 9999991042159053 11 117
RUNG 39999867259545481 9999966814886371 3 113
RUNG 39999975979797289 9999993994949323 3 293
RUNG 39999932970355801 9999983242588953 11 78711
RUNG 39999958071114001 9999989517778502 7 937
RUNG 39999969308460121 9999992327115032 7 62
RUNG 39999916031637409 9999979007909353 3 7331
RUNG 39999996469635409 9999999117408853 3 654257
RUNG 39999992538708721 9999998134677181 3 641
RUNG 39999978093318049 9999994523329514 7 49811
RUNG 39999972236749561 9999993059187391 3 233
RUNG 39999995466996601 9999998866749151 3 137
RUNG 39999922766289721 9999980691572431 3 1229
RUNG 39999876414030289 9999969103507574 7 1559
RUNG 39999947946691489 9999986986672876 15 101
RUNG 39999882045982681 9999970511495672 7 577
RUNG 39999917761262281 9999979440315571 3 45959
RUNG 39999908498569321 9999977124642333 11 463332273441761429
RUNG 39999986190023161 9999996547505792 7 89
RUNG 39999945439073929 9999986359768486 15 50156
RUNG 39999913656764161 9999978414191043 11 16101
RUNG 39999918714898321 9999979678724590 39 4850
RUNG 39999969341154001 9999992335288501 3 4211
RUNG 39999988967200441 9999997241800117 27 244254076276233797
RUNG 39999961926507361 9999990481626841 3 8663
RUNG 39999966533349601 9999991633337401 3 113
RUNG 39999890943155641 9999972735788912 7 82
RUNG 39999900593841049 9999975148460263 3 366941
RUNG 39999934187441281 9999983546860321 3 70583
RUNG 39999985775497801 9999996443874452 7 3524
RUNG 39999886291396249 9999971572849064 7 6508969
RUNG 39999880790142529 9999970197535634 7 94
RUNG 39999925188176641 9999981297044163 11 16583716910521
RUNG 39999977795213881 9999994448803471 3 149
RUNG 39999991213459489 9999997803364874 7 2638
RUNG 39999901071688009 9999975267922007 19 626588450312725036613
RUNG 39999959445443761 9999989861360942 7 4562
RUNG 39999903683462641 9999975920865664 15 1016
RUNG 39999973476305761 9999993369076443 11 167
RUNG 39999982416356881 9999995604089222 7 1252
RUNG 39999975036426001 9999993759106501 3 61559
RUNG 39999872158451209 9999968039612804 7 25301
RUNG 39999996361450129 9999999090362537 19 1173486775297
RUNG 39999897022332601 9999974255583152 7 32434
RUNG 39999957048098401 9999989262024602 7 1018
RUNG 39999898623294481 9999974655823626 23 15381
RUNG 39999996100076401 9999999025019106 23 8578
RUNG 39999901165642009 9999975291410503 3 27329
RUNG 39999925796728801 9999981449182203 11 23237757046899
RUNG 39999933150116809 9999983287529203 3 89
RUNG 39999950489080201 9999987622270052 7 521
RUNG 39999909435909721 9999977358977434 15 1123434671
RUNG 39999923123706001 9999980780926501 3 293
RUNG 39999930769103761 9999982692275943 11 26507270583
RUNG 39999929566342321 9999982391585581 3 365369
RUNG 39999985393674289 9999996348418574 7 33675764
RUNG 39999917810323249 9999979452580814 7 2411254
RUNG 39999994047845329 9999998511961333 3 26459
RUNG 39999917738853361 9999979434713342 7 398
RUNG 39999973662162361 9999993415540591 3 2694299
RUNG 39999953384707369 9999988346176846 15 401
RUNG 39999867357647521 9999966839411885 19 9275
RUNG 39999943527783121 9999985881945781 3 127103
RUNG 39999998436196801 9999999609049203 11 4311
RUNG 39999960388908529 9999990097227134 7 164324
RUNG 39999934442754001 9999983610688504 15 24686
RUNG 39999876273202609 9999969068300653 3 736973
RUNG 39999934060894201 9999983515223552 7 41
RUNG 39999960919846489 9999990229961624 7 111586
RUNG 39999925966250881 9999981491562724 15 127406
RUNG 39999956745919801 9999989186479952 7 236
RUNG 39999973513110601 9999993378277654 15 4916
RUNG 39999897279673489 9999974319918375 11 117
RUNG 39999920699830249 9999980174957565 11 117
RUNG 39999912637857481 9999978159464372 7 404
RUNG 39999999346959961 9999999836739992 7 761
RUNG 39999971081048449 9999992770262113 3 42491
RUNG 39999937667151289 9999984416787824 7 769
RUNG 39999994550219089 9999998637554773 3 293459
RUNG 39999883487753281 9999970871938325 19 17927520387125
RUNG 39999882009318841 9999970502329711 3 205847
RUNG 39999964991698321 9999991247924582 7 61
RUNG 39999861090665401 9999965272666351 3 881
RUNG 39999894433094521 9999973608273631 3 3533
RUNG 39999920528324689 9999980132081174 7 76
RUNG 39999873010055401 9999968252513851 3 20297
RUNG 39999927105738961 9999981776434741 3 3041
RUNG 39999886908182569 9999971727045645 11 57
RUNG 39999931669699681 9999982917424921 3 349949
RUNG 39999863767785769 9999965941946443 3 977
RUNG 39999876863388289 9999969215847074 7 68
RUNG 39999914048936689 9999978512234173 3 1036223
RUNG 39999953523612601 9999988380903152 7 15727
RUNG 39999960184747081 9999990046186771 3 22859
RUNG 39999920013736489 9999980003434124 7 4612
RUNG 39999908153569081 9999977038392271 3 14176373
RUNG 39999926895412201 9999981723853052 7 878
RUNG 39999879705910609 9999969926477654 7 13012
RUNG 39999865758779809 9999966439694954 7 3764
RUNG 39999879930537409 9999969982634353 3 24077
RUNG 39999894596468689 9999973649117173 3 2477
RUNG 39999867441424081 9999966860356023 11 4077
RUNG 39999999426637849 9999999856659464 7 51743996
RUNG 39999960748363729 9999990187090933 3 3449
RUNG 39999973106792449 9999993276698113 3 4079
RUNG 39999869299689121 9999967324922285 19 19325
RUNG 39999956625491641 9999989156372912 7 22273
RUNG 39999915010759729 9999978752689934 7 1858
RUNG 39999981011534569 9999995252883644 7 934
RUNG 39999945657696649 9999986414424165 11 15927
RUNG 39999965487949009 9999991371987253 3 24203
RUNG 39999975230521849 9999993807630464 7 724
RUNG 39999998291279569 9999999572819893 3 101
RUNG 39999863898503161 9999965974625794 15 97421
RUNG 39999962876181961 9999990719045492 7 34292
RUNG 39999881984852521 9999970496213132 7 206
RUNG 39999998509781209 9999999627445304 7 4546
RUNG 39999895031446561 9999973757861643 11 1097518839
RUNG 39999901216792609 9999975304198153 3 9833
RUNG 39999944746959409 9999986186739853 3 9479
RUNG 39999904028689201 9999976007172302 7 2372
RUNG 39999927926683729 9999981981670936 15 1556
RUNG 39999962433075649 9999990608268914 7 59
RUNG 39999975820689889 9999993955172474 7 31
RUNG 39999946915615129 9999986728903784 7 76
RUNG 39999962445329329 9999990611332334 7 188
RUNG 39999930930529249 9999982732632313 3 5501
RUNG 39999903661129129 9999975915282283 3 173
RUNG 39999874862240329 9999968715560084 7 192092
RUNG 39999917497993489 9999979374498373 3 293
RUNG 39999864253844881 9999966063461221 3 170279
RUNG 39999924273484561 9999981068371141 3 266333
RUNG 39999940999834729 9999985249958683 3 257
RUNG 39999938757675121 9999984689418782 7 4960324
RUNG 39999959704921441 9999989926230363 11 198243133627566126233
RUNG 39999914359382881 9999978589845722 7 236
RUNG 39999919762620841 9999979940655211 3 281
RUNG 39999908737647049 9999977184411764 7 90292
RUNG 39999883475574961 9999970868893741 3 3467
RUNG 39999907246962601 9999976811740654 15 821
RUNG 39999928508683081 9999982127170771 3 202973
RUNG 39999990353906521 9999997588476631 3 53411
RUNG 39999922068089281 9999980517022323 11 20259
RUNG 39999944808246721 9999986202061681 3 4152329
RUNG 39999878948374489 9999969737093623 3 10990367
RUNG 39999884696717089 9999971174179275 11 19
RUNG 39999925870370041 9999981467592511 3 293
RUNG 39999927544842841 9999981886210711 3 2099
RUNG 39999923613917089 9999980903479274 7 38
RUNG 39999982040765569 9999995510191396 15 776
RUNG 39999861480770689 9999965370192673 3 1361
RUNG 39999956196713041 9999989049178261 3 2693
RUNG 39999908774425609 9999977193606403 3 108971
RUNG 39999871570502089 9999967892625524 7 2814796
RUNG 39999943313494921 9999985828373736 23 8348
RUNG 39999893473428001 9999973368357002 7 82
RUNG 39999950764902241 9999987691225565 19 19525
RUNG 39999973208964001 9999993302241001 3 1289
RUNG 39999960074567089 9999990018641773 3 3449
RUNG 39999985689926161 9999996422481545 19 2036857525
RUNG 39999936903549529 9999984225887385 11 12795
RUNG 39999893563293049 9999973390823264 7 47
RUNG 39999897471759289 9999974367939825 11 505
RUNG 39999938398325161 9999984599581292 7 367
RUNG 39999892579037161 9999973144759292 7 281594
RUNG 39999988883690761 9999997220922691 3 4751
RUNG 39999941538999289 9999985384749823 3 62507
RUNG 39999966033269089 9999991508317274 7 532852
RUNG 39999993437445889 9999998359361473 3 89
RUNG 39999862900040521 9999965725010132 7 58988
RUNG 39999929932047409 9999982483011856 15 776
RUNG 39999988859195689 9999997214798923 3 415517
RUNG 39999965234837689 9999991308709424 7 73
RUNG 39999930046405081 9999982511601277 27 21427142777
RUNG 39999964558924561 9999991139731141 3 4517
RUNG 39999877304598649 9999969326149663 3 30959063
RUNG 39999999144961969 9999999786240494 7 61
RUNG 39999866153023921 9999966538255983 11 7719
RUNG 39999868031705761 9999967007926441 3 40637
RUNG 39999998076986809 9999999519246705 11 249
RUNG 39999894610904281 9999973652726072 7 732266
RUNG 39999921731237521 9999980432809385 19 703508623428573044135
RUNG 39999968416356001 9999992104089002 7 69478
RUNG 39999897079732489 9999974269933126 15 386
RUNG 39999894627244561 9999973656811143 11 11527
RUNG 39999981997968001 9999995499492001 3 461
RUNG 39999872072913769 9999968018228443 3 137
RUNG 39999871239763009 9999967809940753 3 8543
RUNG 39999873457419121 9999968364354782 7 6326
RUNG 39999954473314081 9999988618328521 3 137
RUNG 39999954040403809 9999988510100955 11 965
RUNG 39999873236881321 9999968309220332 7 7516
RUNG 39999896926589161 9999974231647292 7 118
RUNG 39999966161956441 9999991540489111 3 617
RUNG 39999969165797281 9999992291449321 3 2213
RUNG 39999980993298481 9999995248324622 7 236
RUNG 39999962030916889 9999990507729223 3 137
RUNG 39999987378759409 9999996844689853 3 4091
RUNG 39999936660612769 9999984165153194 7 2358431
RUNG 39999894222944041 9999973555736012 7 149882
RUNG 39999985875828169 9999996468957049 27 251
RUNG 39999874829694649 9999968707423664 7 62
RUNG 39999976837766089 9999994209441523 3 22937
RUNG 39999909611767561 9999977402941892 7 124
RUNG 39999940166812081 9999985041703022 7 1636
RUNG 39999939799245409 9999984949811354 7 31
RUNG 39999897549438649 9999974387359663 3 2423
RUNG 39999889019838049 9999972254959514 7 68
RUNG 39999890990406649 9999972747601663 3 1236329
RUNG 39999964301687329 9999991075421835 11 4215
RUNG 39999868875118441 9999967218779611 3 197
RUNG 39999990982984561 9999997745746142 7 4333507
RUNG 39999901749921481 9999975437480372 7 122
RUNG 39999964121991241 9999991030497811 3 17788853
RUNG 39999861476814241 9999965369203562 7 647891
RUNG 39999915086490361 9999978771622592 7 818
RUNG 39999883637032729 9999970909258184 7 31
RUNG 39999940801900489 9999985200475123 3 52883
RUNG 39999874364131081 9999968591032771 3 148061
RUNG 39999905635933489 9999976408983373 3 1409
RUNG 39999888076434841 9999972019108712 7 188
RUNG 39999906387408529 9999976596852140 31 225112
RUNG 39999938233022329 9999984558255584 7 412
RUNG 39999968996354929 9999992249088734 7 41
RUNG 39999930573333361 9999982643333341 3 3407
RUNG 39999999345156481 9999999836289122 7 82
RUNG 39999939772727089 9999984943181773 3 353
RUNG 39999897014452489 9999974253613124 7 49958
RUNG 39999945190260169 9999986297565045 11 5001
RUNG 39999996710929369 9999999177732343 3 186419
RUNG 39999984685359169 9999996171339794 7 41
RUNG 39999917379724201 9999979344931053 11 747
RUNG 39999965980277689 9999991495069424 7 1468
RUNG 39999958316502529 9999989579125637 19 5384609773375343
RUNG 39999989041036369 9999997260259094 7 1714
RUNG 39999879887872969 9999969971968249 27 6419
RUNG 39999966637816249 9999991659454064 7 761
RUNG 39999985318402201 9999996329600555 19 453659
RUNG 39999895497231121 9999973874307782 7 2719
RUNG 39999906409892881 9999976602473222 7 31
RUNG 39999910005925321 9999977501481331 3 137
RUNG 39999911202563761 9999977800640942 7 292
RUNG 39999882491485849 9999970622871464 7 118
RUNG 39999957528291601 9999989382072901 3 226463
RUNG 39999912111280081 9999978027820025 19 10751105
RUNG 39999882317920849 9999970579480214 7 15077
RUNG 39999904702763329 9999976175690833 3 18520097
RUNG 39999909099276361 9999977274819092 7 262
RUNG 39999956366378761 9999989091594691 3 941
RUNG 39999900091841089 9999975022960274 7 19
RUNG 39999863925273121 9999965981318281 3 17333
RUNG 39999989455598929 9999997363899733 3 401
RUNG 39999913459039249 9999978364759817 19 17021149
RUNG 39999961792089289 9999990448022325 11 41
RUNG 39999901147585681 9999975286896421 3 19661
RUNG 39999912993459721 9999978248364931 3 3221
RUNG 39999877047430609 9999969261857656 15 101
RUNG 39999969874484929 9999992468621233 3 617
RUNG 39999975402289081 9999993850572273 11 362963008623
RUNG 39999983672551081 9999995918137772 7 94
RUNG 39999921261688369 9999980315422093 3 8513
RUNG 39999962862127249 9999990715531816 15 10916
RUNG 39999950728328761 9999987682082191 3 13421
RUNG 39999919207399369 9999979801849843 3 3329
RUNG 39999958347180841 9999989586795211 3 2095193
RUNG 39999962028979681 9999990507244923 11 51465717
RUNG 39999963211320841 9999990802830211 3 257
RUNG 39999881456208361 9999970364052091 3 89
RUNG 39999914196235681 9999978549058923 11 2389213
RUNG 39999865985724121 9999966496431034 15 745676
RUNG 39999894625335121 9999973656333781 3 389
RUNG 39999946260362449 9999986565090614 7 574108
RUNG 39999942337604209 9999985584401054 7 244
RUNG 39999952513094401 9999988128273602 7 146
RUNG 39999965333023609 9999991333255904 7 1540276
RUNG 39999867635704201 9999966908926052 7 124
RUNG 39999912068454241 9999978017113561 3 2889617
RUNG 39999864323517121 9999966080879282 7 1123534
RUNG 39999900390027601 9999975097506902 7 34516
RUNG 39999883522782121 9999970880695531 3 294353
RUNG 39999946715755849 9999986678938964 7 31
RUNG 39999968808586609 9999992202146654 7 31
RUNG 39999882659003569 9999970664750895 11 57
RUNG 39999924055240249 9999981013810063 3 137
RUNG 39999927910614961 9999981977653741 3 953
RUNG 39999931312657369 9999982828164343 3 1766459
RUNG 39999933661003369 9999983415250843 3 127733
RUNG 39999992451334969 9999998112833743 3 28025087
RUNG 39999988704192169 9999997176048043 3 137
RUNG 39999928488517201 9999982122129301 3 459623
RUNG 39999884942017729 9999971235504435 11 171
RUNG 39999988900233961 9999997225058493 11 7823
RUNG 39999957111799441 9999989277949863 11 18941229
RUNG 39999935231344201 9999983807836054 15 146
RUNG 39999876095910361 9999969023977594 15 763901
RUNG 39999995971826521 9999998992956631 3 22349
RUNG 39999876894349969 9999969223587494 7 3545702
RUNG 39999961800331129 9999990450082784 7 524
RUNG 39999972627229729 9999993156807433 3 37853
RUNG 39999903208082689 9999975802020673 3 439823
RUNG 39999970323811369 9999992580952843 3 1229
RUNG 39999880026845209 9999970006711304 7 462524
RUNG 39999860739779329 9999965184944836 15 28856
RUNG 39999933107634889 9999983276908723 3 39863
RUNG 39999970871083129 9999992717770783 3 269
RUNG 39999914516906569 9999978629226643 3 2633
RUNG 39999870758033209 9999967689508303 3 2003
RUNG 39999873400434721 9999968350108682 7 1487
RUNG 39999875313827641 9999968828456911 3 48821
RUNG 39999924522907801 9999981130726951 3 27617
RUNG 39999936728182369 9999984182045597 19 21199
RUNG 39999969053675569 9999992263418895 11 95
RUNG 39999963793381201 9999990948345302 7 103
RUNG 39999977056432969 9999994264108243 3 25913
RUNG 39999899985760009 9999974996440004 7 2042
RUNG 39999944755446601 9999986188861652 7 356
RUNG 39999998267104801 9999999566776201 3 37619
RUNG 39999886867699201 9999971716924801 3 35837
RUNG 39999896493877321 9999974123469332 7 3722
RUNG 39999989286217249 9999997321554313 3 26249
RUNG 39999901511170441 9999975377792611 3 293
RUNG 39999929644355521 9999982411088881 3 257
RUNG 39999871805615569 9999967951403893 3 761
RUNG 39999921510912841 9999980377728213 11 607
RUNG 39999861783286729 9999965445821683 3 6869
RUNG 39999955427157889 9999988856789475 11 153
RUNG 39999975551462089 9999993887865523 3 1523
RUNG 39999901151779969 9999975287944997 19 103092528741701
RUNG 39999865275180001 9999966318795002 7 57679
RUNG 39999907308532081 9999976827133022 7 358951
RUNG 39999935819495521 9999983954873881 3 123503
RUNG 39999991487548681 9999997871887172 7 523
RUNG 39999992118540169 9999998029635045 11 205455
RUNG 39999886461349369 9999971615337345 11 123
RUNG 39999953156417809 9999988289104454 7 244
RUNG 39999980331889561 9999995082972391 3 2063
RUNG 39999936924247609 9999984231061904 7 82
RUNG 39999954924831001 9999988731207752 7 5349644
RUNG 39999899806098961 9999974951524742 7 68
RUNG 39999909591554929 9999977397888733 3 881
RUNG 39999918110945809 9999979527736454 7 32059
RUNG 39999902009467009 9999975502366753 3 2609
RUNG 39999950124013489 9999987531003373 3 13763
RUNG 39999967624297321 9999991906074332 7 59
RUNG 39999995888179681 9999998972044922 7 60854
RUNG 39999955917289369 9999988979322345 11 19555
RUNG 39999925415338729 9999981353834684 7 92146
RUNG 39999908176437889 9999977044109473 3 2213
RUNG 39999997272685129 9999999318171283 3 9594077
RUNG 39999908329593601 9999977082398402 7 227
RUNG 39999964442810761 9999991110702691 3 1493
RUNG 39999861084957601 9999965271239403 11 83
RUNG 39999918848143081 9999979712035774 15 2606
RUNG 39999916991929129 9999979247982283 3 521
RUNG 39999897710988121 9999974427747031 3 941
RUNG 39999872863447249 9999968215861813 3 40787
RUNG 39999976786946929 9999994196736733 3 129509
RUNG 39999886886138089 9999971721534524 7 19
RUNG 39999915609472729 9999978902368183 3 81737
RUNG 39999928270130761 9999982067532691 3 4079
RUNG 39999904876521769 9999976219130444 7 206
RUNG 39999892922420209 9999973230605055 11 48795
RUNG 39999998334568801 9999999583642202 7 164
RUNG 39999977054471281 9999994263617822 7 173
RUNG 39999910896462001 9999977724115502 7 1015426
RUNG 39999879177455401 9999969794363853 11 480282877593
RUNG 39999905850582001 9999976462645501 3 3325991
RUNG 39999899493713041 9999974873428261 3 101
RUNG 39999938029050169 9999984507262544 7 356
RUNG 39999979457959921 9999994864489982 7 89
RUNG 39999949037699641 9999987259424915 19 45999941393354609
RUNG 39999910874015689 9999977718503925 11 853
RUNG 39999919328062849 9999979832015713 3 4457
RUNG 39999950753016409 9999987688254104 7 2063
RUNG 39999903753427921 9999975938356982 7 60294457
RUNG 39999913979964481 9999978494991122 7 143881
RUNG 39999946135968361 9999986533992092 7 17972
RUNG 39999999676218481 9999999919054623 11 341293699
RUNG 39999879363308089 9999969840827026 15 101
RUNG 39999966129587809 9999991532396954 7 76
RUNG 39999902375057689 9999975593764423 3 86861
RUNG 39999964839019249 9999991209754814 7 124
RUNG 39999871423858369 9999967855964594 7 6236
RUNG 39999959713503241 9999989928375812 7 109966
RUNG 39999864311437969 9999966077859493 3 2141
RUNG 39999899961372649 9999974990343164 7 38
RUNG 39999937316412361 9999984329103092 7 9973
RUNG 39999979553968729 9999994888492183 3 5483
RUNG 39999865567301641 9999966391825411 3 1558289
RUNG 39999959691051889 9999989922762974 7 1858
RUNG 39999966748343281 9999991687085823 11 349227
RUNG 39999903510448729 9999975877612191 35 1388721
RUNG 39999978124552609 9999994531138153 3 557
RUNG 39999956248181521 9999989062045385 19 13
RUNG 39999934034871721 9999983508717940 39 118013052368
RUNG 39999890780383249 9999972695095813 3 101
RUNG 39999930230554561 9999982557638641 3 773
RUNG 39999946630177801 9999986657544453 11 2789
RUNG 39999956525903641 9999989131475911 3 5142677
RUNG 39999900851726209 9999975212931553 3 819149
RUNG 39999869716748041 9999967429187011 3 1511
RUNG 39999954743210401 9999988685802603 11 7720803
RUNG 39999861730332001 9999965432583002 7 1993
RUNG 39999886922979481 9999971730744873 11 1121357
RUNG 39999907359720169 9999976839930043 3 25373
RUNG 39999992361677209 9999998090419304 7 47
RUNG 39999986509191361 9999996627297842 7 41
RUNG 39999916891964929 9999979222991234 7 82439297
RUNG 39999862357247521 9999965589311881 3 101267
RUNG 39999881440111321 9999970360027834 15 59306516
RUNG 39999894451990201 9999973612997551 3 419711
RUNG 39999990131774401 9999997532943601 3 4001
RUNG 39999974283502489 9999993570875623 3 9413
RUNG 39999870376341121 9999967594085281 3 2417
RUNG 39999911341706089 9999977835426523 3 113
RUNG 39999914223026521 9999978555756634 15 491
RUNG 39999932505410641 9999983126352661 3 138869
RUNG 39999975130958761 9999993782739692 7 13964
RUNG 39999996396763321 9999999099190832 7 188
RUNG 39999944861801401 9999986215450352 7 2252
RUNG 39999925721763361 9999981430440841 3 113
RUNG 39999974497930801 9999993624482702 7 31
RUNG 39999897919389769 9999974479847445 11 615
RUNG 39999941727274489 9999985431818624 7 76
RUNG 39999964340825449 9999991085206363 3 95801
RUNG 39999993733951729 9999998433487934 7 1882
RUNG 39999953946845929 9999988486711483 3 317
RUNG 39999870257922481 9999967564480623 11 1764700158437757
RUNG 39999904968520249 9999976242130064 7 101
RUNG 39999926195527321 9999981548881832 7 2372
RUNG 39999926411983561 9999981602995892 7 182636
RUNG 39999982351628209 9999995587907053 3 137
RUNG 39999983997516481 9999995999379121 3 3268649
RUNG 39999938174139241 9999984543534812 7 2593
RUNG 39999969407141041 9999992351785261 3 11702819
RUNG 39999898948595881 9999974737148971 3 89
RUNG 39999993993305641 9999998498326411 3 2099
RUNG 39999967834774249 9999991958693563 3 14321
RUNG 39999860202932809 9999965050733203 3 12377
RUNG 39999914990867329 9999978747716835 11 171
RUNG 39999946536301249 9999986634075316 15 131
RUNG 39999935780879881 9999983945219971 3 233
RUNG 39999934147249561 9999983536812392 7 314
RUNG 39999918780901489 9999979695225375 11 985
RUNG 39999956125729009 9999989031432253 3 336527
RUNG 39999949734147001 9999987433536751 3 101573
RUNG 39999878475122281 9999969618780573 11 591
RUNG 39999947563464529 9999986890866133 3 2190269
RUNG 39999997076810929 9999999269202733 3 594227
RUNG 39999948468091921 9999987117022982 7 36013
RUNG 39999887858306401 9999971964576601 3 857
RUNG 39999925127580289 9999981281895074 7 31
RUNG 39999977783623729 9999994445905933 3 15803
RUNG 39999972500868769 9999993125217196 15 14666
RUNG 39999902021901649 9999975505475413 3 281
RUNG 39999961825086481 9999990456271622 7 257
RUNG 39999871334126089 9999967833531524 7 292598
RUNG 39999924416957569 9999981104239396 15 1046
RUNG 39999921333478681 9999980333369675 19 4345
RUNG 39999971100038401 9999992775009604 15 569771
RUNG 39999999365960929 9999999841490235 11 285
RUNG 39999977087310601 9999994271827652 7 72796
RUNG 39999939346327489 9999984836581874 7 38
RUNG 39999955441686769 9999988860421695 11 85
RUNG 39999948349684129 9999987087421035 11 95
RUNG 39999936873424609 9999984218356156 15 98343416
RUNG 39999973197232129 9999993299308034 7 38
RUNG 39999882926813209 9999970731703304 7 19
RUNG 39999999010663129 9999999752665786 15 311
RUNG 39999960920498401 9999990230124606 23 2091173197433
RUNG 39999898246210681 9999974561552674 15 89036
RUNG 39999979825712449 9999994956428115 11 227
RUNG 39999915150223081 9999978787555771 3 353
RUNG 39999971892388561 9999992973097142 7 135252764
RUNG 39999908342063881 9999977085515971 3 8125127
RUNG 39999987409852681 9999996852463173 11 813
RUNG 39999978032806009 9999994508201504 7 47
RUNG 39999990123728209 9999997530932053 3 108803
RUNG 39999909389636641 9999977347409161 3 17627
RUNG 39999867413464729 9999966853366183 3 256199
RUNG 39999879132732289 9999969783183074 7 248351
RUNG 39999901797334249 9999975449333564 7 628
RUNG 39999967738889929 9999991934722484 7 61
RUNG 39999906526700761 9999976631675192 7 1046
RUNG 39999870762416161 9999967690604043 11 237
RUNG 39999991230523921 9999997807630981 3 4025993
RUNG 39999870664400089 9999967666100024 7 101149
RUNG 39999860829944929 9999965207486234 7 387173
RUNG 39999982400754601 9999995600188651 3 401
RUNG 39999941727402409 9999985431850606 15 90436916
RUNG 39999959239937761 9999989809984442 7 3428
RUNG 39999909620408761 9999977405102192 7 3023
RUNG 39999896894422921 9999974223605734 15 122981
RUNG 39999963534357649 9999990883589413 3 64499
RUNG 39999976250140729 9999994062535184 7 38
RUNG 39999861128094169 9999965282023544 7 397
RUNG 39999888319898809 9999972079974705 11 101
RUNG 39999868060821601 9999967015205401 3 836501
RUNG 39999911394952441 9999977848738114 15 2366876
RUNG 39999965098562401 9999991274640602 7 202
RUNG 39999870141661609 9999967535415404 7 1459
RUNG 39999901864755361 9999975466188845 19 117646770190457
RUNG 39999912507869161 9999978126967291 3 13577
RUNG 39999975427205641 9999993856801412 7 179954
RUNG 39999929248513441 9999982312128362 7 20044
RUNG 39999861183240961 9999965295810241 3 677
RUNG 39999860382761689 9999965095690427 19 4886827
RUNG 39999930063292609 9999982515823154 7 44684
RUNG 39999962423505529 9999990605876383 3 89
RUNG 39999986774833201 9999996693708301 3 50459
RUNG 39999948688745761 9999987172186443 11 1251
RUNG 39999968694613321 9999992173653331 3 1007933
RUNG 39999931513149169 9999982878287295 11 3935
RUNG 39999931652008441 9999982913002115 19 3386575
RUNG 39999982721391001 9999995680347752 7 68
RUNG 39999990865046689 9999997716261674 7 733
RUNG 39999924378271729 9999981094567935 11 677
RUNG 39999988134844609 9999997033711153 3 593
RUNG 39999949528036801 9999987382009201 3 10705127
RUNG 39999943761319369 9999985940329844 7 202
RUNG 39999939622106689 9999984905526673 3 107339
RUNG 39999959815840249 9999989953960066 15 41
RUNG 39999960193617649 9999990048404413 3 89
RUNG 39999865416416929 9999966354104233 3 110273
RUNG 39999967765503769 9999991941375944 7 41
RUNG 39999882214238521 9999970553559632 7 68
RUNG 39999928348010929 9999982087002733 3 401
RUNG 39999869273836081 9999967318459021 3 137
RUNG 39999979241774281 9999994810443572 7 706
RUNG 39999986078524921 9999996519631231 3 3757283
RUNG 39999957996394321 9999989499098582 7 22658
RUNG 39999970124069881 9999992531017471 3 761
RUNG 39999964925037049 9999991231259263 3 977
RUNG 39999883259773441 9999970814943362 7 2719
RUNG 39999894542047729 9999973635511934 7 89283529
RUNG 39999880339659601 9999970084914903 11 153
RUNG 39999910876326241 9999977719081562 7 68
RUNG 39999899589973801 9999974897493453 11 123
RUNG 39999959338026769 9999989834506694 7 431203
RUNG 39999928674754801 9999982168688701 3 118169
RUNG 39999931586705689 9999982896676423 3 317
RUNG 39999967295861329 9999991823965333 3 3821
RUNG 39999950455159249 9999987613789815 11 57
RUNG 39999955627647409 9999988906911855 11 21317
RUNG 39999973258625689 9999993314656424 7 19
RUNG 39999980842764721 9999995210691181 3 257
RUNG 39999907915390921 9999976978847732 7 103
RUNG 39999936612179569 9999984153044895 11 193
RUNG 39999972989085841 9999993247271467 27 439999702879944251
RUNG 39999986019343249 9999996504835813 3 101
RUNG 39999883707014401 9999970926753603 11 418193021457
RUNG 39999933189727729 9999983297431934 7 2518
RUNG 39999977514247969 9999994378561994 7 19
RUNG 39999944179995409 9999986044998854 7 58532
RUNG 39999948549961009 9999987137490257 19 23629
RUNG 39999952258305649 9999988064576414 7 1447
RUNG 39999951184195921 9999987796048981 3 194723
RUNG 39999899044790689 9999974761197673 3 4457
RUNG 39999892073269129 9999973018317283 3 8933
RUNG 39999921858465241 9999980464616313 11 107526671662541
RUNG 39999965219150161 9999991304787544 15 1481
RUNG 39999889918926841 9999972479731712 7 68
RUNG 39999927465916609 9999981866479153 3 257
RUNG 39999906610562809 9999976652640704 7 22307
RUNG 39999979674754009 9999994918688504 7 1706
RUNG 39999934237326001 9999983559331501 3 941981
RUNG 39999926112051049 9999981528012763 3 5927
RUNG 39999932720093329 9999983180023333 3 3578843
RUNG 39999923518661929 9999980879665486 15 641
RUNG 39999910429191241 9999977607297813 11 4634979
RUNG 39999930449351401 9999982612337853 11 979569
RUNG 39999959240073361 9999989810018341 3 9221
RUNG 39999993029710081 9999998257427525 19 85360075
RUNG 39999885836904841 9999971459226215 19 4126870771286869131790583452225
RUNG 39999904766616601 9999976191654151 3 1103
RUNG 39999863447981641 9999965861995411 3 50321
RUNG 39999952858703041 9999988214675763 11 519
RUNG 39999893972397769 9999973493099445 11 171
RUNG 39999988426957969 9999997106739495 11 809
RUNG 39999893770236409 9999973442559103 3 8273
RUNG 39999941758177129 9999985439544284 7 68
RUNG 39999959358523921 9999989839630986 23 4252
RUNG 39999971096172481 9999992774043121 3 6563
RUNG 39999909342841561 9999977335710392 7 404
RUNG 39999913175750641 9999978293937661 3 21347
RUNG 39999910320981769 9999977580245444 7 619
RUNG 39999859935687961 9999964983921991 3 89
RUNG 39999914059968769 9999978514992194 7 114194
RUNG 39999931774665769 9999982943666446 15 19001
RUNG 39999868685841409 9999967171460353 3 101
RUNG 39999961104487729 9999990276121934 7 23869
RUNG 39999901530013489 9999975382503374 7 628
RUNG 39999924121103521 9999981030275884 15 21401
RUNG 39999880327514881 9999970081878722 7 857
RUNG 39999864266871961 9999966066717991 3 2843
RUNG 39999920994743161 9999980248685791 3 89
RUNG 39999935215509721 9999983803877431 3 197909
RUNG 39999914721601129 9999978680400285 11 7435
RUNG 39999973808030161 9999993452007542 7 1028
