REALCHAR 118801 29713 51
REALCHAR 806521 201643 51
DEEP 8803369 2200869 107
SUPPORT 13867921 3466993 51
REALCHAR 16467361 4116853 51
SUPPORT 32794441 8198623 51
REALCHAR 80156521 20039143 51
DEEP 106376209 26594070 71
REALCHAR 117145081 29286283 51
REALCHAR 140919601 35229913 51
DEEP 144329329 36082350 71
REALCHAR 171348241 42837073 51
DEEP 230089729 57522451 75
SUPPORT 245034001 61258513 51
REALCHAR 278046001 69511513 51
REALCHAR 287567281 71891833 51
REALCHAR 287567281 71891839 75
DEEP 287567281 71891841 83
DEEP 332709841 83177478 71
DEEP 376197649 94049430 71
DEEP 401426041 100356528 71
REALCHAR 402847561 100711903 51
REALCHAR 441487201 110371813 51
DEEP 570743209 142685820 71
REALCHAR 587648161 146912053 51
REALCHAR 602030641 150507673 51
REALCHAR 651412441 162853123 51
DEEP 651412441 162853131 83
REALCHAR 698285641 174571423 51
REALCHAR 774378361 193594603 51
REALCHAR 778103881 194525983 51
DEEP 778103881 194525990 79
DEEP 793592809 198398221 75
SUPPORT 823247881 205811983 51
