REALCHAR 118801 29713 51
REALCHAR 806521 201643 51
DEEP 8803369 2200869 107
SUPPORT 13867921 3466993 51
REALCHAR 16467361 4116853 51
SUPPORT 32794441 8198623 51
REALCHAR 80156521 20039143 51
DEEP 106376209 26594070 71
REALCHAR 117145081 29286283 51
REALCHAR 140919601 35229913 51
DEEP 144329329 36082350 71
REALCHAR 171348241 42837073 51
DEEP 230089729 57522451 75
SUPPORT 245034001 61258513 51
REALCHAR 278046001 69511513 51
REALCHAR 287567281 71891833 51
REALCHAR 287567281 71891839 75
DEEP 287567281 71891841 83
DEEP 332709841 83177478 71
DEEP 376197649 94049430 71
DEEP 401426041 100356528 71
REALCHAR 402847561 100711903 51
REALCHAR 441487201 110371813 51
DEEP 570743209 142685820 71
REALCHAR 587648161 146912053 51
REALCHAR 602030641 150507673 51
REALCHAR 651412441 162853123 51
DEEP 651412441 162853131 83
REALCHAR 698285641 174571423 51
REALCHAR 774378361 193594603 51
REALCHAR 778103881 194525983 51
DEEP 778103881 194525990 79
DEEP 793592809 198398221 75
SUPPORT 823247881 205811983 51
DEEP 1008855241 252213828 71
REALCHAR 1022055241 255513823 51
REALCHAR 1082985121 270746293 51
SUPPORT 1187266081 296816533 51
REALCHAR 1282346521 320586643 51
DEEP 1313972521 328493148 71
REALCHAR 1461306001 365326513 51
REALCHAR 1490176081 372544033 51
REALCHAR 1641245761 410311453 51
REALCHAR 1673206441 418301623 51
REALCHAR 1682127841 420531973 51
DEEP 1683652441 420913128 71
DEEP 1749233641 437308430 79
REALCHAR 1775179561 443794903 51
REALCHAR 1843269481 460817383 51
DEEP 1875932809 468983220 71
REALCHAR 1891167721 472791943 51
REALCHAR 2051050681 512762683 51
REALCHAR 2120414521 530103643 51
REALCHAR 2123538481 530884633 51
DEEP 2127634441 531908628 71
REALCHAR 2136905761 534226453 51
DEEP 2146664809 536666220 71
DEEP 2188875529 547218903 83
REALCHAR 2258910481 564727633 51
DEEP 2292821281 573205338 71
DEEP 2301031489 575257890 71
DEEP 2535613921 633903500 79
DEEP 2629216489 657304140 71
DEEP 2736032209 684008070 71
DEEP 2744973169 686243310 71
DEEP 2782002721 695500698 71
DEEP 2809257889 702314492 79
DEEP 2812462129 703115550 71
REALCHAR 3101304361 775326103 51
DEEP 3121838329 780459600 71
REALCHAR 3218397961 804599503 51
DEEP 3278006449 819501630 71
REALCHAR 3341581681 835395433 51
REALCHAR 3384621241 846155323 51
REALCHAR 3409966561 852491653 51
REALCHAR 3424509001 856127263 51
DEEP 3434195209 858548823 83
DEEP 3439335769 859833960 71
DEEP 3474307321 868576848 71
REALCHAR 3564506401 891126613 51
DEEP 3733223209 933305820 71
DEEP 3769072129 942268050 71
DEEP 3785271169 946317810 71
REALCHAR 3819171841 954792973 51
DEEP 3819171841 954792978 71
REALCHAR 3880135561 970033903 51
REALCHAR 3885147841 971286973 51
REALCHAR 3922010401 980502613 51
REALCHAR 3944291521 986072893 51
REALCHAR 4001109121 1000277293 51
DEEP 4038617521 1009654398 71
REALCHAR 4063936801 1015984213 51
DEEP 4165224001 1041306018 71
DEEP 4209674401 1052418618 71
DEEP 4315477609 1078869420 71
REALCHAR 4316871001 1079217763 51
DEEP 4382228449 1095557130 71
REALCHAR 4458945241 1114736323 51
REALCHAR 4493931121 1123482793 51
DEEP 4507554529 1126888650 71
REALCHAR 4729522561 1182380653 51
DEEP 4729522561 1182380660 79
REALCHAR 4793340841 1198335223 51
REALCHAR 4875763201 1218940813 51
DEEP 5066051761 1266512960 79
REALCHAR 5104221721 1276055443 51
REALCHAR 5162309881 1290577483 51
REALCHAR 5207967361 1301991853 51
SUPPORT 5207995321 1301998843 51
REALCHAR 5271091081 1317772783 51
DEEP 5322797089 1330699290 71
REALCHAR 5361815281 1340453833 51
REALCHAR 5366199721 1341549943 51
REALCHAR 5529849361 1382462353 51
DEEP 5531648929 1382912250 71
REALCHAR 5544555241 1386138823 51
REALCHAR 5544665281 1386166333 51
REALCHAR 5557679521 1389419893 51
REALCHAR 5671643041 1417910779 75
DEEP 5671643041 1417910780 79
DEEP 5683084801 1420771219 75
REALCHAR 5718345361 1429586353 51
DEEP 5743450729 1435862700 71
REALCHAR 5794829881 1448707483 51
DEEP 5998349449 1499587382 79
DEEP 6000595129 1500148803 83
DEEP 6024941521 1506235398 71
REALCHAR 6260931121 1565232793 51
REALCHAR 6273682321 1568420593 51
REALCHAR 6349532641 1587383173 51
REALCHAR 6541736041 1635434023 51
REALCHAR 6617607481 1654401883 51
REALCHAR 6697336801 1674334213 51
DEEP 6745884721 1686471198 71
REALCHAR 6773691961 1693423003 51
REALCHAR 6849243241 1712310823 51
REALCHAR 6939628081 1734907033 51
REALCHAR 7035501841 1758875473 51
REALCHAR 7100675761 1775168953 51
DEEP 7109478289 1777369592 79
REALCHAR 7138194361 1784548603 51
REALCHAR 7500685921 1875171493 51
DEEP 7620719089 1905179792 79
DEEP 7896580561 1974145158 71
SUPPORT 7932383281 1983095833 51
DEEP 8051168449 2012792130 71
REALCHAR 8109569521 2027392393 51
DEEP 8223619849 2055904980 71
DEEP 8314409041 2078602278 71
DEEP 8435854561 2108963658 71
REALCHAR 8544656761 2136164203 51
DEEP 8555613889 2138903492 79
DEEP 8667347329 2166836850 71
DEEP 8672438329 2168109600 71
SUPPORT 8975473081 2243868283 51
REALCHAR 9053010121 2263252543 51
REALCHAR 9157119841 2289279973 51
REALCHAR 9501601561 2375400403 51
DEEP 9724435009 2431108770 71
REALCHAR 9928868161 2482217053 51
REALCHAR 9962976241 2490744073 51
